Frecuencia	Ganancia	Fase
1.00000000000000e+000	-3.44331368981492e+001	-3.10525494375580e+000
1.07977516232771e+000	-3.30715167684357e+001	-3.41491588742843e+000
1.16591440117983e+000	-3.17060535493885e+001	-3.76370077468397e+000
1.25892541179417e+000	-3.03363772690814e+001	-4.15778778454023e+000
1.35935639087853e+000	-2.89621335623006e+001	-4.60437260180309e+000
1.46779926762207e+000	-2.75830048196122e+001	-5.11179006313682e+000
1.58489319246111e+000	-2.61987376264479e+001	-5.68962758086068e+000
1.71132830416178e+000	-2.48091771573159e+001	-6.34881966513002e+000
1.84784979742229e+000	-2.34143088483007e+001	-7.10171003337317e+000
1.99526231496888e+000	-2.20143071381166e+001	-7.96206526903932e+000
2.15443469003188e+000	-2.06095903337631e+001	-8.94502228813515e+000
2.32630506715363e+000	-1.92008797431698e+001	-1.00669516092305e+001
2.51188643150958e+000	-1.77892601900453e+001	-1.13452202239556e+001
2.71227257933203e+000	-1.63762379986965e+001	-1.27978422185979e+001
2.92864456462524e+000	-1.49637916632563e+001	-1.44430123917516e+001
3.16227766016838e+000	-1.35544098709474e+001	-1.62985276901303e+001
3.41454887383360e+000	-1.21511114933829e+001	-1.83811125719873e+001
3.68694506451958e+000	-1.07574427035025e+001	-2.07056761673228e+001
3.98107170553497e+000	-9.37744754596352e+000	-2.32845398158286e+001
4.29866234708228e+000	-8.01561001663223e+000	-2.61266816915513e+001
4.64158883361278e+000	-6.67676783497473e+000	-2.92370494983209e+001
5.01187233627272e+000	-5.36600040217455e+000	-3.26159918477974e+001
5.41169526546464e+000	-4.08849568107146e+000	-3.62588536868386e+001
5.84341413373518e+000	-2.84940266948922e+000	-4.01557713582163e+001
6.30957344480193e+000	-1.65367755298331e+000	-4.42916893899479e+001
6.81292069057961e+000	-5.05932351502504e-001	-4.86466051674483e+001
7.35642254459641e+000	5.89705182051453e-001	-5.31960308418092e+001
7.94328234724281e+000	1.62971250558218e+000	-5.79116459631395e+001
8.57695898590894e+000	2.61126772375838e+000	-6.27621011744823e+001
9.26118728128793e+000	3.53231523001762e+000	-6.77139243018677e+001
1.00000000000000e+001	4.39159957193142e+000	-7.27324761323268e+001
1.07977516232771e+001	5.18866781128656e+000	-7.77829040679595e+001
1.16591440117983e+001	5.92384260953486e+000	-8.28310468941987e+001
1.25892541179417e+001	6.59816977885199e+000	-8.78442518222027e+001
1.35935639087853e+001	7.21334505099587e+000	-9.27920743742152e+001
1.46779926762207e+001	7.77162536613061e+000	-9.76468414320419e+001
1.58489319246111e+001	8.27573014968802e+000	-1.02384067123142e+002
1.71132830416178e+001	8.72873790528365e+000	-1.06982719801290e+002
1.84784979742229e+001	9.13398306265908e+000	-1.11425346009567e+002
1.99526231496888e+001	9.49495741853647e+000	-1.15698063833824e+002
2.15443469003188e+001	9.81521972970912e+000	-1.19790443244320e+002
2.32630506715363e+001	1.00983161092977e+001	-1.23695294629656e+002
2.51188643150958e+001	1.03477129072811e+001	-1.27408388566627e+002
2.71227257933203e+001	1.05667428062285e+001	-1.30928129923253e+002
2.92864456462524e+001	1.07585640118020e+001	-1.34255207848484e+002
3.16227766016838e+001	1.09261317267264e+001	-1.37392240427839e+002
3.41454887383360e+001	1.10721806002561e+001	-1.40343429247041e+002
3.68694506451957e+001	1.11992165478075e+001	-1.43114235280265e+002
3.98107170553497e+001	1.13095162174183e+001	-1.45711083811532e+002
4.29866234708228e+001	1.14051324064580e+001	-1.48141102799006e+002
4.64158883361278e+001	1.14879038619676e+001	-1.50411896370208e+002
5.01187233627272e+001	1.15594680912143e+001	-1.52531353049352e+002
5.41169526546464e+001	1.16212760316007e+001	-1.54507486842103e+002
5.84341413373518e+001	1.16746076546346e+001	-1.56348308362141e+002
6.30957344480193e+001	1.17205877903410e+001	-1.58061722678118e+002
6.81292069057961e+001	1.17602016453004e+001	-1.59655450384102e+002
7.35642254459641e+001	1.17943096454923e+001	-1.61136968455324e+002
7.94328234724281e+001	1.18236613632289e+001	-1.62513467662738e+002
8.57695898590894e+001	1.18489083879345e+001	-1.63791823620460e+002
9.26118728128793e+001	1.18706160765581e+001	-1.64978578882159e+002
1.00000000000000e+002	1.18892741748953e+001	-1.66079933852523e+002
1.07977516232771e+002	1.19053063399102e+001	-1.67101744616374e+002
1.16591440117983e+002	1.19190786188532e+001	-1.68049526097951e+002
1.25892541179417e+002	1.19309069566379e+001	-1.68928459239664e+002
1.35935639087853e+002	1.19410638112104e+001	-1.69743401131167e+002
1.46779926762207e+002	1.19497839594779e+001	-1.70498897226426e+002
1.58489319246111e+002	1.19572695755796e+001	-1.71199194960967e+002
1.71132830416178e+002	1.19636946599066e+001	-1.71848258226892e+002
1.84784979742229e+002	1.19692088924624e+001	-1.72449782283006e+002
1.99526231496888e+002	1.19739409784172e+001	-1.73007208775243e+002
2.15443469003188e+002	1.19780015476479e+001	-1.73523740621686e+002
2.32630506715363e+002	1.19814856639331e+001	-1.74002356580025e+002
2.51188643150958e+002	1.19844749935610e+001	-1.74445825365893e+002
2.71227257933203e+002	1.19870396775255e+001	-1.74856719230479e+002
2.92864456462524e+002	1.19892399463042e+001	-1.75237426937185e+002
3.16227766016838e+002	1.19911275114861e+001	-1.75590166101371e+002
3.41454887383360e+002	1.19927467642821e+001	-1.75916994875966e+002
3.68694506451957e+002	1.19941358071026e+001	-1.76219822979879e+002
3.98107170553497e+002	1.19953273409778e+001	-1.76500422076758e+002
4.29866234708228e+002	1.19963494287053e+001	-1.76760435519425e+002
4.64158883361278e+002	1.19972261508065e+001	-1.77001387480843e+002
5.01187233627272e+002	1.19979781692168e+001	-1.77224691496284e+002
5.41169526546464e+002	1.19986232115548e+001	-1.77431658443826e+002
5.84341413373517e+002	1.19991764870310e+001	-1.77623503991713e+002
6.30957344480193e+002	1.19996510436129e+001	-1.77801355541753e+002
6.81292069057961e+002	1.20000580746645e+001	-1.77966258697973e+002
7.35642254459641e+002	1.20004071821729e+001	-1.78119183289307e+002
7.94328234724281e+002	1.20007066026864e+001	-1.78261028974434e+002
8.57695898590894e+002	1.20009634012021e+001	-1.78392630455871e+002
9.26118728128793e+002	1.20011836375765e+001	-1.78514762329391e+002
1.00000000000000e+003	1.20013725092701e+001	-1.78628143593603e+002
1.07977516232771e+003	1.20015344738438e+001	-1.78733441843309e+002
1.16591440117983e+003	1.20016733540407e+001	-1.78831277169020e+002
1.25892541179417e+003	1.20017924279166e+001	-1.78922225783707e+002
1.35935639087853e+003	1.20018945061379e+001	-1.79006823396714e+002
1.46779926762207e+003	1.20019819982953e+001	-1.79085568353498e+002
1.58489319246111e+003	1.20020569697230e+001	-1.79158924558797e+002
1.71132830416178e+003	1.20021211902385e+001	-1.79227324199684e+002
1.84784979742229e+003	1.20021761759093e+001	-1.79291170283973e+002
1.99526231496888e+003	1.20022232248059e+001	-1.79350839008465e+002
2.15443469003188e+003	1.20022634476619e+001	-1.79406681970619e+002
2.32630506715363e+003	1.20022977940666e+001	-1.79459028236389e+002
2.51188643150958e+003	1.20023270748891e+001	-1.79508186276162e+002
2.71227257933203e+003	1.20023519814149e+001	-1.79554445780047e+002
2.92864456462524e+003	1.20023731016637e+001	-1.79598079363037e+002
3.16227766016838e+003	1.20023909342641e+001	-1.79639344169988e+002
3.41454887383360e+003	1.20024059002343e+001	-1.79678483389788e+002
3.68694506451957e+003	1.20024183529102e+001	-1.79715727687540e+002
3.98107170553497e+003	1.20024285862968e+001	-1.79751296563166e+002
4.29866234708228e+003	1.20024368419995e+001	-1.79785399644380e+002
4.64158883361278e+003	1.20024433149329e+001	-1.79818237921597e+002
5.01187233627272e+003	1.20024481579217e+001	-1.79850004932058e+002
5.41169526546464e+003	1.20024514853088e+001	-1.79880887900085e+002
5.84341413373518e+003	1.20024533756529e+001	-1.79911068840195e+002
6.30957344480193e+003	1.20024538735833e+001	-1.79940725629535e+002
6.81292069057961e+003	1.20024529908643e+001	-1.79970033055952e+002
7.35642254459641e+003	1.20024507066512e+001	-1.79999163847849e+002
7.94328234724281e+003	1.20024469670159e+001	1.79971710308104e+002
8.57695898590894e+003	1.20024416836710e+001	1.79942417755450e+002
9.26118728128794e+003	1.20024347318797e+001	1.79912785856643e+002
1.00000000000000e+004	1.20024259475197e+001	1.79882639976058e+002
1.07977516232771e+004	1.20024151231978e+001	1.79851802451312e+002
1.16591440117983e+004	1.20024020033667e+001	1.79820091546910e+002
1.25892541179417e+004	1.20023862782896e+001	1.79787320384022e+002
1.35935639087853e+004	1.20023675767194e+001	1.79753295840229e+002
1.46779926762207e+004	1.20023454571503e+001	1.79717817412713e+002
1.58489319246111e+004	1.20023193973897e+001	1.79680676038322e+002
1.71132830416178e+004	1.20022887822355e+001	1.79641652863685e+002
1.84784979742229e+004	1.20022528889638e+001	1.79600517958144e+002
1.99526231496888e+004	1.20022108702649e+001	1.79557028962200e+002
2.15443469003188e+004	1.20021617342641e+001	1.79510929663590e+002
2.32630506715363e+004	1.20021043211092e+001	1.79461948492896e+002
2.51188643150958e+004	1.20020372756197e+001	1.79409796930141e+002
2.71227257933203e+004	1.20019590153287e+001	1.79354167813291e+002
2.92864456462524e+004	1.20018676931524e+001	1.79294733539258e+002
3.16227766016838e+004	1.20017611538568e+001	1.79231144147354e+002
3.41454887383360e+004	1.20016368832568e+001	1.79163025274659e+002
3.68694506451958e+004	1.20014919489617e+001	1.79089975972225e+002
3.98107170553497e+004	1.20013229313173e+001	1.79011566370470e+002
4.29866234708228e+004	1.20011258428723e+001	1.78927335181490e+002
4.64158883361278e+004	1.20008960345293e+001	1.78836787025409e+002
5.01187233627272e+004	1.20006280861790e+001	1.78739389567594e+002
5.41169526546464e+004	1.20003156792783e+001	1.78634570452664e+002
5.84341413373518e+004	1.19999514484031e+001	1.78521714021110e+002
6.30957344480193e+004	1.19995268083563e+001	1.78400157794007e+002
6.81292069057961e+004	1.19990317528274e+001	1.78269188710906e+002
7.35642254459641e+004	1.19984546200074e+001	1.78128039106494e+002
7.94328234724282e+004	1.19977818197606e+001	1.77975882411535e+002
8.57695898590894e+004	1.19969975161815e+001	1.77811828564767e+002
9.26118728128793e+004	1.19960832583577e+001	1.77634919123651e+002
1.00000000000000e+005	1.19950175510536e+001	1.77444122063620e+002
1.07977516232771e+005	1.19937753557653e+001	1.77238326258930e+002
1.16591440117983e+005	1.19923275111971e+001	1.77016335641761e+002
1.25892541179417e+005	1.19906400605412e+001	1.76776863041932e+002
1.35935639087853e+005	1.19886734711799e+001	1.76518523716898e+002
1.46779926762207e+005	1.19863817303607e+001	1.76239828591693e+002
1.58489319246111e+005	1.19837112982246e+001	1.75939177240037e+002
1.71132830416178e+005	1.19805998971182e+001	1.75614850655337e+002
1.84784979742229e+005	1.19769751135140e+001	1.75265003879615e+002
1.99526231496888e+005	1.19727527862488e+001	1.74887658585358e+002
2.15443469003188e+005	1.19678351519027e+001	1.74480695736850e+002
2.32630506715363e+005	1.19621087156658e+001	1.74041848499300e+002
2.51188643150958e+005	1.19554418135308e+001	1.73568695613422e+002
2.71227257933203e+005	1.19476818299527e+001	1.73058655514401e+002
2.92864456462524e+005	1.19386520341785e+001	1.72508981549020e+002
3.16227766016838e+005	1.19281479990930e+001	1.71916758733479e+002
3.41454887383360e+005	1.19159335691442e+001	1.71278902599976e+002
3.68694506451958e+005	1.19017363497254e+001	1.70592160802475e+002
3.98107170553497e+005	1.18852427004249e+001	1.69853118292949e+002
4.29866234708228e+005	1.18660922301822e+001	1.69058207033835e+002
4.64158883361278e+005	1.18438718155139e+001	1.68203721381396e+002
5.01187233627272e+005	1.18181091953420e+001	1.67285840443137e+002
5.41169526546464e+005	1.17882662400675e+001	1.66300658876798e+002
5.84341413373517e+005	1.17537320502261e+001	1.65244227726356e+002
6.30957344480193e+005	1.17138161136335e+001	1.64112606966719e+002
6.81292069057961e+005	1.16677418399320e+001	1.62901931399973e+002
7.35642254459641e+005	1.16146408979073e+001	1.61608491373386e+002
7.94328234724281e+005	1.15535489000931e+001	1.60228829401155e+002
8.57695898590894e+005	1.14834031047706e+001	1.58759853108012e+002
9.26118728128793e+005	1.14030429245146e+001	1.57198963897065e+002
1.00000000000000e+006	1.13112141251797e+001	1.55544199330216e+002
1.07977516232771e+006	1.12065776440777e+001	1.53794385382033e+002
1.16591440117983e+006	1.10877239196712e+001	1.51949292519703e+002
1.25892541179417e+006	1.09531934741875e+001	1.50009787130806e+002
1.35935639087853e+006	1.08015041942806e+001	1.47977967406562e+002
1.46779926762207e+006	1.06311852954467e+001	1.45857270781618e+002
1.58489319246111e+006	1.04408173391346e+001	1.43652538911282e+002
1.71132830416178e+006	1.02290769380654e+001	1.41370026460411e+002
1.84784979742229e+006	9.99478401545476e+000	1.39017342114200e+002
1.99526231496888e+006	9.73694879728676e+000	1.36603314431924e+002
2.15443469003188e+006	9.45481525127468e+000	1.34137781275489e+002
2.32630506715363e+006	9.14789757470261e+000	1.31631308975655e+002
2.51188643150958e+006	8.81600665995409e+000	1.29094855103747e+002
2.71227257933203e+006	8.45926424141049e+000	1.26539395442703e+002
2.92864456462524e+006	8.07810356312038e+000	1.23975540242855e+002
3.16227766016838e+006	7.67325673678395e+000	1.21413166248139e+002
3.41454887383360e+006	7.24573026682889e+000	1.18861088992446e+002
3.68694506451957e+006	6.79677129430601e+000	1.16326794913674e+002
3.98107170553497e+006	6.32782780028781e+000	1.13816245891972e+002
4.29866234708228e+006	5.84050624296586e+000	1.11333761146653e+002
4.64158883361278e+006	5.33652990752739e+000	1.08881974281940e+002
5.01187233627272e+006	4.81770072109052e+000	1.06461857604561e+002
5.41169526546464e+006	4.28586655731200e+000	1.04072802141795e+002
5.84341413373517e+006	3.74289526953312e+000	1.01712740175901e+002
6.30957344480193e+006	3.19065594686597e+000	9.93782972467728e+001
6.81292069057961e+006	2.63100726812544e+000	9.70649620556807e+001
7.35642254459641e+006	2.06579235042896e+000	9.47672649265609e+001
7.94328234724281e+006	1.49683916152590e+000	9.24789580216548e+001
8.57695898590894e+006	9.25965355406856e-001	9.01931929450697e+001
9.26118728128793e+006	3.54986270053728e-001	8.79026934586454e+001
1.00000000000000e+007	-2.14275242993749e-001	8.55999226141751e+001
1.07977516232771e+007	-7.79978532449521e-001	8.32772445947322e+001
1.16591440117983e+007	-1.34025582340318e+000	8.09270819224442e+001
1.25892541179417e+007	-1.89320531775405e+000	7.85420684632671e+001
1.35935639087853e+007	-2.43688822708965e+000	7.61151978460677e+001
1.46779926762207e+007	-2.96933127062869e+000	7.36399656010435e+001
1.58489319246111e+007	-3.48853614531253e+000	7.11105016563830e+001
1.71132830416178e+007	-3.99249736377216e+000	6.85216879667082e+001
1.84784979742229e+007	-4.47922960916019e+000	6.58692543407952e+001
1.99526231496888e+007	-4.94680534202324e+000	6.31498443460109e+001
2.15443469003188e+007	-5.39340278155248e+000	6.03610430072170e+001
2.32630506715363e+007	-5.81736357584643e+000	5.75013593868483e+001
2.51188643150958e+007	-6.21725851212729e+000	5.45701603720912e+001
2.71227257933203e+007	-6.59195857389422e+000	5.15675572432123e+001
2.92864456462524e+007	-6.94070764413707e+000	4.84942534692952e+001
3.16227766016838e+007	-7.26319231927438e+000	4.53513697888381e+001
3.41454887383360e+007	-7.55960376721269e+000	4.21402695610933e+001
3.68694506451958e+007	-7.83068644351715e+000	3.88624118997231e+001
3.98107170553497e+007	-8.07776882569244e+000	3.55192606254736e+001
4.29866234708228e+007	-8.30277214391879e+000	3.21122725302024e+001
4.64158883361278e+007	-8.50819432692644e+000	2.86429788831221e+001
5.01187233627272e+007	-8.69706796032287e+000	2.51131606793524e+001
5.41169526546464e+007	-8.87289285286919e+000	2.15251031572879e+001
5.84341413373518e+007	-9.03954567015362e+000	1.78819014735522e+001
6.30957344480193e+007	-9.20117085853031e+000	1.41877797655574e+001
6.81292069057961e+007	-9.36205854084189e+000	1.04483821037585e+001
7.35642254459641e+007	-9.52651604208225e+000	6.67099653710922e+000
7.94328234724282e+007	-9.69874008319561e+000	2.86468161954288e+000
8.57695898590894e+007	-9.88269641101900e+000	-9.59723288019024e-001
9.26118728128794e+007	-1.00820128087215e+001	-4.78970952957659e+000
1.00000000000000e+008	-1.02998901956126e+001	-8.61132570620759e+000
1.07977516232771e+008	-1.05390350780938e+001	-1.24095023678286e+001
1.16591440117983e+008	-1.08016151371718e+001	-1.61684507115521e+001
1.25892541179417e+008	-1.10892383356019e+001	-1.98721067523645e+001
1.35935639087853e+008	-1.14029546745035e+001	-2.35045907291145e+001
1.46779926762207e+008	-1.17432786152842e+001	-2.70506520583270e+001
1.58489319246111e+008	-1.21102292433134e+001	-3.04960728961160e+001
1.71132830416178e+008	-1.25033845012000e+001	-3.38280080174790e+001
1.84784979742229e+008	-1.29219453222408e+001	-3.70352449784079e+001
1.99526231496888e+008	-1.33648053096885e+001	-4.01083758084624e+001
2.15443469003188e+008	-1.38306217489820e+001	-4.30398789561484e+001
2.32630506715363e+008	-1.43178842158179e+001	-4.58241170767074e+001
2.51188643150958e+008	-1.48249777508693e+001	-4.84572616682417e+001
2.71227257933203e+008	-1.53502384453352e+001	-5.09371591661190e+001
2.92864456462524e+008	-1.58920001608122e+001	-5.32631546593216e+001
3.16227766016838e+008	-1.64486319377768e+001	-5.54358892313388e+001
3.41454887383360e+008	-1.70185663097515e+001	-5.74570853322635e+001
3.68694506451958e+008	-1.76003192422227e+001	-5.93293321897841e+001
3.98107170553497e+008	-1.81925027189265e+001	-6.10558804474714e+001
4.29866234708228e+008	-1.87938311458020e+001	-6.26404524449457e+001
4.64158883361278e+008	-1.94031227628836e+001	-6.40870720569500e+001
5.01187233627272e+008	-2.00192971841332e+001	-6.53999159605583e+001
5.41169526546464e+008	-2.06413700456855e+001	-6.65831866005558e+001
5.84341413373518e+008	-2.12684456018355e+001	-6.76410060501298e+001
6.30957344480193e+008	-2.18997079365421e+001	-6.85773292429870e+001
6.81292069057961e+008	-2.25344113058099e+001	-6.93958746907023e+001
7.35642254459641e+008	-2.31718699997910e+001	-7.01000706985152e+001
7.94328234724282e+008	-2.38114479835918e+001	-7.06930151391213e+001
8.57695898590894e+008	-2.44525484975641e+001	-7.11774470607693e+001
9.26118728128793e+008	-2.50946037133772e+001	-7.15557286587858e+001
1.00000000000000e+009	-2.57370644994756e+001	-7.18298364751057e+001