VDS	ID
0.000000000000000e+000	1.177903e-012
1.000000000000000e-002	3.308388e-005
2.000000000000000e-002	6.576775e-005
3.000000000000000e-002	9.805163e-005
4.000000000000000e-002	1.299355e-004
5.000000000000000e-002	1.614194e-004
6.000000000000001e-002	1.925033e-004
7.000000000000001e-002	2.231871e-004
8.000000000000000e-002	2.534710e-004
9.000000000000000e-002	2.833549e-004
9.999999999999999e-002	3.128388e-004
1.100000000000000e-001	3.419227e-004
1.200000000000000e-001	3.706065e-004
1.300000000000000e-001	3.988904e-004
1.400000000000000e-001	4.267743e-004
1.500000000000000e-001	4.542581e-004
1.600000000000000e-001	4.813420e-004
1.700000000000000e-001	5.080259e-004
1.800000000000000e-001	5.343098e-004
1.900000000000000e-001	5.601937e-004
2.000000000000000e-001	5.856775e-004
2.100000000000001e-001	6.107614e-004
2.200000000000001e-001	6.354453e-004
2.300000000000001e-001	6.597292e-004
2.400000000000001e-001	6.836131e-004
2.500000000000001e-001	7.070969e-004
2.600000000000001e-001	7.301808e-004
2.700000000000001e-001	7.528647e-004
2.800000000000001e-001	7.751486e-004
2.900000000000001e-001	7.970324e-004
3.000000000000001e-001	8.185163e-004
3.100000000000001e-001	8.396002e-004
3.200000000000001e-001	8.602841e-004
3.300000000000001e-001	8.805679e-004
3.400000000000001e-001	9.004518e-004
3.500000000000001e-001	9.199357e-004
3.600000000000002e-001	9.390195e-004
3.700000000000002e-001	9.577035e-004
3.800000000000002e-001	9.759873e-004
3.900000000000002e-001	9.938712e-004
4.000000000000002e-001	1.011355e-003
4.100000000000002e-001	1.028439e-003
4.200000000000002e-001	1.045123e-003
4.300000000000002e-001	1.061407e-003
4.400000000000002e-001	1.077291e-003
4.500000000000002e-001	1.092774e-003
4.600000000000002e-001	1.107858e-003
4.700000000000003e-001	1.122542e-003
4.800000000000003e-001	1.136826e-003
4.900000000000003e-001	1.150710e-003
5.000000000000002e-001	1.164194e-003
5.100000000000002e-001	1.177278e-003
5.200000000000002e-001	1.189962e-003
5.300000000000003e-001	1.202245e-003
5.400000000000003e-001	1.214129e-003
5.500000000000003e-001	1.225613e-003
5.600000000000003e-001	1.236697e-003
5.700000000000003e-001	1.247381e-003
5.800000000000003e-001	1.257665e-003
5.900000000000003e-001	1.267549e-003
6.000000000000003e-001	1.277033e-003
6.100000000000003e-001	1.286116e-003
6.200000000000003e-001	1.294800e-003
6.300000000000003e-001	1.303084e-003
6.400000000000004e-001	1.310968e-003
6.500000000000004e-001	1.318452e-003
6.600000000000004e-001	1.325536e-003
6.700000000000004e-001	1.332220e-003
6.800000000000004e-001	1.338504e-003
6.900000000000004e-001	1.344388e-003
7.000000000000004e-001	1.349871e-003
7.100000000000004e-001	1.354955e-003
7.200000000000004e-001	1.359639e-003
7.300000000000004e-001	1.363923e-003
7.400000000000004e-001	1.367807e-003
7.500000000000004e-001	1.371291e-003
7.600000000000005e-001	1.374375e-003
7.700000000000005e-001	1.377058e-003
7.800000000000005e-001	1.379342e-003
7.900000000000005e-001	1.381226e-003
8.000000000000005e-001	1.382710e-003
8.100000000000005e-001	1.383794e-003
8.200000000000005e-001	1.384478e-003
8.300000000000005e-001	1.384762e-003
8.400000000000005e-001	1.384771e-003
8.500000000000005e-001	1.384771e-003
8.600000000000005e-001	1.384771e-003
8.700000000000006e-001	1.384771e-003
8.800000000000006e-001	1.384771e-003
8.900000000000006e-001	1.384771e-003
9.000000000000006e-001	1.384771e-003
9.100000000000006e-001	1.384771e-003
9.200000000000006e-001	1.384771e-003
9.300000000000006e-001	1.384771e-003
9.400000000000006e-001	1.384771e-003
9.500000000000006e-001	1.384771e-003
9.600000000000006e-001	1.384771e-003
9.700000000000006e-001	1.384771e-003
9.800000000000007e-001	1.384771e-003
9.900000000000007e-001	1.384771e-003
1.000000000000001e+000	1.384771e-003
1.010000000000001e+000	1.384771e-003
1.020000000000001e+000	1.384771e-003
1.030000000000001e+000	1.384771e-003
1.040000000000001e+000	1.384771e-003
1.050000000000001e+000	1.384771e-003
1.060000000000001e+000	1.384771e-003
1.070000000000001e+000	1.384771e-003
1.080000000000001e+000	1.384771e-003
1.090000000000001e+000	1.384771e-003
1.100000000000001e+000	1.384771e-003
1.110000000000001e+000	1.384771e-003
1.120000000000001e+000	1.384771e-003
1.130000000000001e+000	1.384771e-003
1.140000000000001e+000	1.384771e-003
1.150000000000001e+000	1.384771e-003
1.160000000000001e+000	1.384771e-003
1.170000000000001e+000	1.384771e-003
1.180000000000001e+000	1.384771e-003
1.190000000000001e+000	1.384771e-003
1.200000000000001e+000	1.384771e-003
1.210000000000001e+000	1.384771e-003
1.220000000000001e+000	1.384771e-003
1.230000000000001e+000	1.384771e-003
1.240000000000001e+000	1.384771e-003
1.250000000000001e+000	1.384771e-003
1.260000000000001e+000	1.384771e-003
1.270000000000001e+000	1.384771e-003
1.280000000000001e+000	1.384771e-003
1.290000000000001e+000	1.384771e-003
1.300000000000001e+000	1.384771e-003
1.310000000000001e+000	1.384771e-003
1.320000000000001e+000	1.384771e-003
1.330000000000001e+000	1.384771e-003
1.340000000000001e+000	1.384771e-003
1.350000000000001e+000	1.384771e-003
1.360000000000001e+000	1.384771e-003
1.370000000000001e+000	1.384771e-003
1.380000000000001e+000	1.384771e-003
1.390000000000001e+000	1.384771e-003
1.400000000000001e+000	1.384771e-003
1.410000000000001e+000	1.384771e-003
1.420000000000001e+000	1.384771e-003
1.430000000000001e+000	1.384771e-003
1.440000000000001e+000	1.384771e-003
1.450000000000001e+000	1.384771e-003
1.460000000000001e+000	1.384771e-003
1.470000000000001e+000	1.384771e-003
1.480000000000001e+000	1.384771e-003
1.490000000000001e+000	1.384771e-003
1.500000000000001e+000	1.384771e-003
1.510000000000001e+000	1.384771e-003
1.520000000000001e+000	1.384771e-003
1.530000000000001e+000	1.384771e-003
1.540000000000001e+000	1.384771e-003
1.550000000000001e+000	1.384771e-003
1.560000000000001e+000	1.384771e-003
1.570000000000001e+000	1.384771e-003
1.580000000000001e+000	1.384771e-003
1.590000000000001e+000	1.384771e-003
1.600000000000001e+000	1.384771e-003
1.610000000000001e+000	1.384771e-003
1.620000000000001e+000	1.384771e-003
1.630000000000001e+000	1.384771e-003
1.640000000000001e+000	1.384771e-003
1.650000000000001e+000	1.384771e-003
1.660000000000001e+000	1.384771e-003
1.670000000000001e+000	1.384771e-003
1.680000000000001e+000	1.384771e-003
1.690000000000001e+000	1.384771e-003
1.700000000000001e+000	1.384771e-003
1.710000000000001e+000	1.384771e-003
1.720000000000001e+000	1.384771e-003
1.730000000000001e+000	1.384771e-003
1.740000000000001e+000	1.384771e-003
1.750000000000001e+000	1.384771e-003
1.760000000000001e+000	1.384771e-003
1.770000000000001e+000	1.384771e-003
1.780000000000001e+000	1.384771e-003
1.790000000000001e+000	1.384771e-003
1.800000000000001e+000	1.384771e-003
1.810000000000001e+000	1.384771e-003
1.820000000000001e+000	1.384771e-003
1.830000000000001e+000	1.384771e-003
1.840000000000001e+000	1.384771e-003
1.850000000000001e+000	1.384771e-003
1.860000000000001e+000	1.384771e-003
1.870000000000001e+000	1.384771e-003
1.880000000000001e+000	1.384771e-003
1.890000000000002e+000	1.384771e-003
1.900000000000002e+000	1.384771e-003
1.910000000000002e+000	1.384771e-003
1.920000000000002e+000	1.384771e-003
1.930000000000002e+000	1.384771e-003
1.940000000000002e+000	1.384771e-003
1.950000000000002e+000	1.384771e-003
1.960000000000002e+000	1.384771e-003
1.970000000000002e+000	1.384771e-003
1.980000000000002e+000	1.384771e-003
1.990000000000002e+000	1.384771e-003
2.000000000000001e+000	1.384771e-003
2.010000000000001e+000	1.384771e-003
2.020000000000001e+000	1.384771e-003
2.030000000000001e+000	1.384771e-003
2.040000000000001e+000	1.384771e-003
2.050000000000000e+000	1.384771e-003
2.060000000000000e+000	1.384771e-003
2.070000000000000e+000	1.384771e-003
2.080000000000000e+000	1.384771e-003
2.089999999999999e+000	1.384771e-003
2.099999999999999e+000	1.384771e-003
2.109999999999999e+000	1.384771e-003
2.119999999999999e+000	1.384771e-003
2.129999999999999e+000	1.384771e-003
2.139999999999998e+000	1.384771e-003
2.149999999999998e+000	1.384771e-003
2.159999999999998e+000	1.384771e-003
2.169999999999998e+000	1.384771e-003
2.179999999999998e+000	1.384771e-003
2.189999999999997e+000	1.384771e-003
2.199999999999997e+000	1.384771e-003
2.209999999999997e+000	1.384771e-003
2.219999999999997e+000	1.384771e-003
2.229999999999996e+000	1.384771e-003
2.239999999999996e+000	1.384771e-003
2.249999999999996e+000	1.384771e-003
2.259999999999996e+000	1.384771e-003
2.269999999999996e+000	1.384771e-003
2.279999999999995e+000	1.384771e-003
2.289999999999995e+000	1.384771e-003
2.299999999999995e+000	1.384771e-003
2.309999999999995e+000	1.384771e-003
2.319999999999995e+000	1.384771e-003
2.329999999999994e+000	1.384771e-003
2.339999999999994e+000	1.384771e-003
2.349999999999994e+000	1.384771e-003
2.359999999999994e+000	1.384771e-003
2.369999999999993e+000	1.384771e-003
2.379999999999993e+000	1.384771e-003
2.389999999999993e+000	1.384771e-003
2.399999999999993e+000	1.384771e-003
2.409999999999993e+000	1.384771e-003
2.419999999999992e+000	1.384771e-003
2.429999999999992e+000	1.384771e-003
2.439999999999992e+000	1.384771e-003
2.449999999999992e+000	1.384771e-003
2.459999999999992e+000	1.384771e-003
2.469999999999991e+000	1.384771e-003
2.479999999999991e+000	1.384771e-003
2.489999999999991e+000	1.384771e-003
2.499999999999991e+000	1.384771e-003
2.509999999999991e+000	1.384771e-003
2.519999999999990e+000	1.384771e-003
2.529999999999990e+000	1.384771e-003
2.539999999999990e+000	1.384771e-003
2.549999999999990e+000	1.384771e-003
2.559999999999989e+000	1.384771e-003
2.569999999999989e+000	1.384771e-003
2.579999999999989e+000	1.384771e-003
2.589999999999989e+000	1.384771e-003
2.599999999999989e+000	1.384771e-003
2.609999999999988e+000	1.384771e-003
2.619999999999988e+000	1.384771e-003
2.629999999999988e+000	1.384771e-003
2.639999999999988e+000	1.384771e-003
2.649999999999988e+000	1.384771e-003
2.659999999999987e+000	1.384771e-003
2.669999999999987e+000	1.384771e-003
2.679999999999987e+000	1.384771e-003
2.689999999999987e+000	1.384771e-003
2.699999999999986e+000	1.384771e-003
2.709999999999986e+000	1.384771e-003
2.719999999999986e+000	1.384771e-003
2.729999999999986e+000	1.384771e-003
2.739999999999986e+000	1.384771e-003
2.749999999999985e+000	1.384771e-003
2.759999999999985e+000	1.384771e-003
2.769999999999985e+000	1.384771e-003
2.779999999999985e+000	1.384771e-003
2.789999999999985e+000	1.384771e-003
2.799999999999984e+000	1.384771e-003
2.809999999999984e+000	1.384771e-003
2.819999999999984e+000	1.384771e-003
2.829999999999984e+000	1.384771e-003
2.839999999999983e+000	1.384771e-003
2.849999999999983e+000	1.384771e-003
2.859999999999983e+000	1.384771e-003
2.869999999999983e+000	1.384771e-003
2.879999999999983e+000	1.384771e-003
2.889999999999982e+000	1.384771e-003
2.899999999999982e+000	1.384771e-003
2.909999999999982e+000	1.384771e-003
2.919999999999982e+000	1.384771e-003
2.929999999999982e+000	1.384771e-003
2.939999999999981e+000	1.384771e-003
2.949999999999981e+000	1.384771e-003
2.959999999999981e+000	1.384771e-003
2.969999999999981e+000	1.384771e-003
2.979999999999980e+000	1.384771e-003
2.989999999999980e+000	1.384771e-003
2.999999999999980e+000	1.384771e-003
3.009999999999980e+000	1.384771e-003
3.019999999999980e+000	1.384771e-003
3.029999999999979e+000	1.384771e-003
3.039999999999979e+000	1.384771e-003
3.049999999999979e+000	1.384771e-003
3.059999999999979e+000	1.384771e-003
3.069999999999979e+000	1.384771e-003
3.079999999999978e+000	1.384771e-003
3.089999999999978e+000	1.384771e-003
3.099999999999978e+000	1.384771e-003
3.109999999999978e+000	1.384771e-003
3.119999999999978e+000	1.384771e-003
3.129999999999977e+000	1.384771e-003
3.139999999999977e+000	1.384771e-003
3.149999999999977e+000	1.384771e-003
3.159999999999977e+000	1.384771e-003
3.169999999999976e+000	1.384771e-003
3.179999999999976e+000	1.384771e-003
3.189999999999976e+000	1.384771e-003
3.199999999999976e+000	1.384771e-003
3.209999999999976e+000	1.384771e-003
3.219999999999975e+000	1.384771e-003
3.229999999999975e+000	1.384771e-003
3.239999999999975e+000	1.384771e-003
3.249999999999975e+000	1.384771e-003
3.259999999999975e+000	1.384771e-003
3.269999999999974e+000	1.384771e-003
3.279999999999974e+000	1.384771e-003
3.289999999999974e+000	1.384771e-003
3.299999999999974e+000	1.384771e-003
3.309999999999973e+000	1.384771e-003
3.319999999999973e+000	1.384771e-003
3.329999999999973e+000	1.384771e-003
3.339999999999973e+000	1.384771e-003
3.349999999999973e+000	1.384771e-003
3.359999999999972e+000	1.384771e-003
3.369999999999972e+000	1.384771e-003
3.379999999999972e+000	1.384771e-003
3.389999999999972e+000	1.384771e-003
3.399999999999972e+000	1.384771e-003
3.409999999999971e+000	1.384771e-003
3.419999999999971e+000	1.384771e-003
3.429999999999971e+000	1.384771e-003
3.439999999999971e+000	1.384771e-003
3.449999999999970e+000	1.384771e-003
3.459999999999970e+000	1.384771e-003
3.469999999999970e+000	1.384771e-003
3.479999999999970e+000	1.384771e-003
3.489999999999970e+000	1.384771e-003
3.499999999999969e+000	1.384771e-003
3.509999999999969e+000	1.384771e-003
3.519999999999969e+000	1.384771e-003
3.529999999999969e+000	1.384771e-003
3.539999999999969e+000	1.384771e-003
3.549999999999968e+000	1.384771e-003
3.559999999999968e+000	1.384771e-003
3.569999999999968e+000	1.384771e-003
3.579999999999968e+000	1.384771e-003
3.589999999999967e+000	1.384771e-003
3.599999999999967e+000	1.384771e-003
3.609999999999967e+000	1.384771e-003
3.619999999999967e+000	1.384771e-003
3.629999999999967e+000	1.384771e-003
3.639999999999966e+000	1.384771e-003
3.649999999999966e+000	1.384771e-003
3.659999999999966e+000	1.384771e-003
3.669999999999966e+000	1.384771e-003
3.679999999999966e+000	1.384771e-003
3.689999999999965e+000	1.384771e-003
3.699999999999965e+000	1.384771e-003
3.709999999999965e+000	1.384771e-003
3.719999999999965e+000	1.384771e-003
3.729999999999965e+000	1.384771e-003
3.739999999999964e+000	1.384771e-003
3.749999999999964e+000	1.384771e-003
3.759999999999964e+000	1.384771e-003
3.769999999999964e+000	1.384771e-003
3.779999999999963e+000	1.384771e-003
3.789999999999963e+000	1.384771e-003
3.799999999999963e+000	1.384771e-003
3.809999999999963e+000	1.384771e-003
3.819999999999963e+000	1.384771e-003
3.829999999999962e+000	1.384771e-003
3.839999999999962e+000	1.384771e-003
3.849999999999962e+000	1.384771e-003
3.859999999999962e+000	1.384771e-003
3.869999999999962e+000	1.384771e-003
3.879999999999961e+000	1.384771e-003
3.889999999999961e+000	1.384771e-003
3.899999999999961e+000	1.384771e-003
3.909999999999961e+000	1.384771e-003
3.919999999999960e+000	1.384771e-003
3.929999999999960e+000	1.384771e-003
3.939999999999960e+000	1.384771e-003
3.949999999999960e+000	1.384771e-003
3.959999999999960e+000	1.384771e-003
3.969999999999959e+000	1.384771e-003
3.979999999999959e+000	1.384771e-003
3.989999999999959e+000	1.384771e-003
3.999999999999959e+000	1.384771e-003
4.009999999999959e+000	1.384771e-003
4.019999999999959e+000	1.384771e-003
4.029999999999959e+000	1.384771e-003
4.039999999999958e+000	1.384771e-003
4.049999999999958e+000	1.384771e-003
4.059999999999958e+000	1.384771e-003
4.069999999999958e+000	1.384771e-003
4.079999999999957e+000	1.384771e-003
4.089999999999957e+000	1.384771e-003
4.099999999999957e+000	1.384771e-003
4.109999999999957e+000	1.384771e-003
4.119999999999957e+000	1.384771e-003
4.129999999999956e+000	1.384771e-003
4.139999999999956e+000	1.384771e-003
4.149999999999956e+000	1.384771e-003
4.159999999999956e+000	1.384771e-003
4.169999999999956e+000	1.384771e-003
4.179999999999955e+000	1.384771e-003
4.189999999999955e+000	1.384771e-003
4.199999999999955e+000	1.384771e-003
4.209999999999955e+000	1.384771e-003
4.219999999999955e+000	1.384771e-003
4.229999999999954e+000	1.384771e-003
4.239999999999954e+000	1.384771e-003
4.249999999999954e+000	1.384771e-003
4.259999999999954e+000	1.384771e-003
4.269999999999953e+000	1.384771e-003
4.279999999999953e+000	1.384771e-003
4.289999999999953e+000	1.384771e-003
4.299999999999953e+000	1.384771e-003
4.309999999999953e+000	1.384771e-003
4.319999999999952e+000	1.384771e-003
4.329999999999952e+000	1.384771e-003
4.339999999999952e+000	1.384771e-003
4.349999999999952e+000	1.384771e-003
4.359999999999952e+000	1.384771e-003
4.369999999999951e+000	1.384771e-003
4.379999999999951e+000	1.384771e-003
4.389999999999951e+000	1.384771e-003
4.399999999999951e+000	1.384771e-003
4.409999999999950e+000	1.384771e-003
4.419999999999950e+000	1.384771e-003
4.429999999999950e+000	1.384771e-003
4.439999999999950e+000	1.384771e-003
4.449999999999950e+000	1.384771e-003
4.459999999999949e+000	1.384771e-003
4.469999999999949e+000	1.384771e-003
4.479999999999949e+000	1.384771e-003
4.489999999999949e+000	1.384771e-003
4.499999999999949e+000	1.384771e-003
4.509999999999948e+000	1.384771e-003
4.519999999999948e+000	1.384771e-003
4.529999999999948e+000	1.384771e-003
4.539999999999948e+000	1.384771e-003
4.549999999999947e+000	1.384771e-003
4.559999999999947e+000	1.384771e-003
4.569999999999947e+000	1.384771e-003
4.579999999999947e+000	1.384771e-003
4.589999999999947e+000	1.384771e-003
4.599999999999946e+000	1.384771e-003
4.609999999999946e+000	1.384771e-003
4.619999999999946e+000	1.384771e-003
4.629999999999946e+000	1.384771e-003
4.639999999999946e+000	1.384771e-003
4.649999999999945e+000	1.384771e-003
4.659999999999945e+000	1.384771e-003
4.669999999999945e+000	1.384771e-003
4.679999999999945e+000	1.384771e-003
4.689999999999944e+000	1.384771e-003
4.699999999999944e+000	1.384771e-003
4.709999999999944e+000	1.384771e-003
4.719999999999944e+000	1.384771e-003
4.729999999999944e+000	1.384771e-003
4.739999999999943e+000	1.384771e-003
4.749999999999943e+000	1.384771e-003
4.759999999999943e+000	1.384771e-003
4.769999999999943e+000	1.384771e-003
4.779999999999943e+000	1.384771e-003
4.789999999999942e+000	1.384771e-003
4.799999999999942e+000	1.384771e-003
4.809999999999942e+000	1.384771e-003
4.819999999999942e+000	1.384771e-003
4.829999999999942e+000	1.384771e-003
4.839999999999941e+000	1.384771e-003
4.849999999999941e+000	1.384771e-003
4.859999999999941e+000	1.384771e-003
4.869999999999941e+000	1.384771e-003
4.879999999999940e+000	1.384771e-003
4.889999999999940e+000	1.384771e-003
4.899999999999940e+000	1.384771e-003
4.909999999999940e+000	1.384771e-003
4.919999999999940e+000	1.384771e-003
4.929999999999939e+000	1.384771e-003
4.939999999999939e+000	1.384771e-003
4.949999999999939e+000	1.384771e-003
4.959999999999939e+000	1.384771e-003
4.969999999999939e+000	1.384771e-003
4.979999999999938e+000	1.384771e-003
4.989999999999938e+000	1.384771e-003
4.999999999999938e+000	1.384771e-003
5.009999999999938e+000	1.384771e-003
5.019999999999937e+000	1.384771e-003
5.029999999999937e+000	1.384771e-003
5.039999999999937e+000	1.384771e-003
5.049999999999937e+000	1.384771e-003
5.059999999999937e+000	1.384771e-003
5.069999999999936e+000	1.384771e-003
5.079999999999936e+000	1.384771e-003
5.089999999999936e+000	1.384771e-003
5.099999999999936e+000	1.384771e-003
5.109999999999936e+000	1.384771e-003
5.119999999999935e+000	1.384771e-003
5.129999999999935e+000	1.384771e-003
5.139999999999935e+000	1.384771e-003
5.149999999999935e+000	1.384771e-003
5.159999999999934e+000	1.384771e-003
5.169999999999934e+000	1.384771e-003
5.179999999999934e+000	1.384771e-003
5.189999999999934e+000	1.384771e-003
5.199999999999934e+000	1.384771e-003
5.209999999999933e+000	1.384771e-003
5.219999999999933e+000	1.384771e-003
5.229999999999933e+000	1.384771e-003
5.239999999999933e+000	1.384771e-003
5.249999999999933e+000	1.384771e-003
5.259999999999932e+000	1.384771e-003
5.269999999999932e+000	1.384771e-003
5.279999999999932e+000	1.384771e-003
5.289999999999932e+000	1.384771e-003
5.299999999999931e+000	1.384771e-003
5.309999999999931e+000	1.384771e-003
5.319999999999931e+000	1.384771e-003
5.329999999999931e+000	1.384771e-003
5.339999999999931e+000	1.384771e-003
5.349999999999930e+000	1.384771e-003
5.359999999999930e+000	1.384771e-003
5.369999999999930e+000	1.384771e-003
5.379999999999930e+000	1.384771e-003
5.389999999999930e+000	1.384771e-003
5.399999999999929e+000	1.384771e-003
5.409999999999929e+000	1.384771e-003
5.419999999999929e+000	1.384771e-003
5.429999999999929e+000	1.384771e-003
5.439999999999928e+000	1.384771e-003
5.449999999999928e+000	1.384771e-003
5.459999999999928e+000	1.384771e-003
5.469999999999928e+000	1.384771e-003
5.479999999999928e+000	1.384771e-003
5.489999999999927e+000	1.384771e-003
5.499999999999927e+000	1.384771e-003
5.509999999999927e+000	1.384771e-003
5.519999999999927e+000	1.384771e-003
5.529999999999927e+000	1.384771e-003
5.539999999999926e+000	1.384771e-003
5.549999999999926e+000	1.384771e-003
5.559999999999926e+000	1.384771e-003
5.569999999999926e+000	1.384771e-003
5.579999999999926e+000	1.384771e-003
5.589999999999925e+000	1.384771e-003
5.599999999999925e+000	1.384771e-003
5.609999999999925e+000	1.384771e-003
5.619999999999925e+000	1.384771e-003
5.629999999999924e+000	1.384771e-003
5.639999999999924e+000	1.384771e-003
5.649999999999924e+000	1.384771e-003
5.659999999999924e+000	1.384771e-003
5.669999999999924e+000	1.384771e-003
5.679999999999923e+000	1.384771e-003
5.689999999999923e+000	1.384771e-003
5.699999999999923e+000	1.384771e-003
5.709999999999923e+000	1.384771e-003
5.719999999999923e+000	1.384771e-003
5.729999999999922e+000	1.384771e-003
5.739999999999922e+000	1.384771e-003
5.749999999999922e+000	1.384771e-003
5.759999999999922e+000	1.384771e-003
5.769999999999921e+000	1.384771e-003
5.779999999999921e+000	1.384771e-003
5.789999999999921e+000	1.384771e-003
5.799999999999921e+000	1.384771e-003
5.809999999999921e+000	1.384771e-003
5.819999999999920e+000	1.384771e-003
5.829999999999920e+000	1.384771e-003
5.839999999999920e+000	1.384771e-003
5.849999999999920e+000	1.384771e-003
5.859999999999920e+000	1.384771e-003
5.869999999999919e+000	1.384771e-003
5.879999999999919e+000	1.384771e-003
5.889999999999919e+000	1.384771e-003
5.899999999999919e+000	1.384771e-003
5.909999999999918e+000	1.384771e-003
5.919999999999918e+000	1.384771e-003
5.929999999999918e+000	1.384771e-003
5.939999999999918e+000	1.384771e-003
5.949999999999918e+000	1.384771e-003
5.959999999999917e+000	1.384771e-003
5.969999999999917e+000	1.384771e-003
5.979999999999917e+000	1.384771e-003
5.989999999999917e+000	1.384771e-003
5.999999999999917e+000	1.384771e-003
6.009999999999916e+000	1.384771e-003
6.019999999999916e+000	1.384771e-003
6.029999999999916e+000	1.384771e-003
6.039999999999916e+000	1.384771e-003
6.049999999999915e+000	1.384771e-003
6.059999999999915e+000	1.384771e-003
6.069999999999915e+000	1.384771e-003
6.079999999999915e+000	1.384771e-003
6.089999999999915e+000	1.384771e-003
6.099999999999914e+000	1.384771e-003
6.109999999999914e+000	1.384771e-003
6.119999999999914e+000	1.384771e-003
6.129999999999914e+000	1.384771e-003
6.139999999999914e+000	1.384771e-003
6.149999999999913e+000	1.384771e-003
6.159999999999913e+000	1.384771e-003
6.169999999999913e+000	1.384771e-003
6.179999999999913e+000	1.384771e-003
6.189999999999913e+000	1.384771e-003
6.199999999999912e+000	1.384771e-003
6.209999999999912e+000	1.384771e-003
6.219999999999912e+000	1.384771e-003
6.229999999999912e+000	1.384771e-003
6.239999999999911e+000	1.384771e-003
6.249999999999911e+000	1.384771e-003
6.259999999999911e+000	1.384771e-003
6.269999999999911e+000	1.384771e-003
6.279999999999911e+000	1.384771e-003
6.289999999999910e+000	1.384771e-003
6.299999999999910e+000	1.384771e-003
6.309999999999910e+000	1.384771e-003
6.319999999999910e+000	1.384771e-003
6.329999999999910e+000	1.384771e-003
6.339999999999909e+000	1.384771e-003
6.349999999999909e+000	1.384771e-003
6.359999999999909e+000	1.384771e-003
6.369999999999909e+000	1.384771e-003
6.379999999999908e+000	1.384771e-003
6.389999999999908e+000	1.384771e-003
6.399999999999908e+000	1.384771e-003
6.409999999999908e+000	1.384771e-003
6.419999999999908e+000	1.384771e-003
6.429999999999907e+000	1.384771e-003
6.439999999999907e+000	1.384771e-003
6.449999999999907e+000	1.384771e-003
6.459999999999907e+000	1.384771e-003
6.469999999999907e+000	1.384771e-003
6.479999999999906e+000	1.384771e-003
6.489999999999906e+000	1.384771e-003
6.499999999999906e+000	1.384771e-003
6.509999999999906e+000	1.384771e-003
6.519999999999905e+000	1.384771e-003
6.529999999999905e+000	1.384771e-003
6.539999999999905e+000	1.384771e-003
6.549999999999905e+000	1.384771e-003
6.559999999999905e+000	1.384771e-003
6.569999999999904e+000	1.384771e-003
6.579999999999904e+000	1.384771e-003
6.589999999999904e+000	1.384771e-003
6.599999999999904e+000	1.384771e-003
6.609999999999904e+000	1.384771e-003
6.619999999999903e+000	1.384771e-003
6.629999999999903e+000	1.384771e-003
6.639999999999903e+000	1.384771e-003
6.649999999999903e+000	1.384771e-003
6.659999999999902e+000	1.384771e-003
6.669999999999902e+000	1.384771e-003
6.679999999999902e+000	1.384771e-003
6.689999999999902e+000	1.384771e-003
6.699999999999902e+000	1.384771e-003
6.709999999999901e+000	1.384771e-003
6.719999999999901e+000	1.384771e-003
6.729999999999901e+000	1.384771e-003
6.739999999999901e+000	1.384771e-003
6.749999999999901e+000	1.384771e-003
6.759999999999900e+000	1.384771e-003
6.769999999999900e+000	1.384771e-003
6.779999999999900e+000	1.384771e-003
6.789999999999900e+000	1.384771e-003
6.799999999999900e+000	1.384771e-003
6.809999999999899e+000	1.384771e-003
6.819999999999899e+000	1.384771e-003
6.829999999999899e+000	1.384771e-003
6.839999999999899e+000	1.384771e-003
6.849999999999898e+000	1.384771e-003
6.859999999999898e+000	1.384771e-003
6.869999999999898e+000	1.384771e-003
6.879999999999898e+000	1.384771e-003
6.889999999999898e+000	1.384771e-003
6.899999999999897e+000	1.384771e-003
6.909999999999897e+000	1.384771e-003
6.919999999999897e+000	1.384771e-003
6.929999999999897e+000	1.384771e-003
6.939999999999897e+000	1.384771e-003
6.949999999999896e+000	1.384771e-003
6.959999999999896e+000	1.384771e-003
6.969999999999896e+000	1.384771e-003
6.979999999999896e+000	1.384771e-003
6.989999999999895e+000	1.384771e-003
6.999999999999895e+000	1.384771e-003
7.009999999999895e+000	1.384771e-003
7.019999999999895e+000	1.384771e-003
7.029999999999895e+000	1.384771e-003
7.039999999999894e+000	1.384771e-003
7.049999999999894e+000	1.384771e-003
7.059999999999894e+000	1.384771e-003
7.069999999999894e+000	1.384771e-003
7.079999999999894e+000	1.384771e-003
7.089999999999893e+000	1.384771e-003
7.099999999999893e+000	1.384771e-003
7.109999999999893e+000	1.384771e-003
7.119999999999893e+000	1.384771e-003
7.129999999999892e+000	1.384771e-003
7.139999999999892e+000	1.384771e-003
7.149999999999892e+000	1.384771e-003
7.159999999999892e+000	1.384771e-003
7.169999999999892e+000	1.384771e-003
7.179999999999891e+000	1.384771e-003
7.189999999999891e+000	1.384771e-003
7.199999999999891e+000	1.384771e-003
7.209999999999891e+000	1.384771e-003
7.219999999999891e+000	1.384771e-003
7.229999999999890e+000	1.384771e-003
7.239999999999890e+000	1.384771e-003
7.249999999999890e+000	1.384771e-003
7.259999999999890e+000	1.384771e-003
7.269999999999889e+000	1.384771e-003
7.279999999999889e+000	1.384771e-003
7.289999999999889e+000	1.384771e-003
7.299999999999889e+000	1.384771e-003
7.309999999999889e+000	1.384771e-003
7.319999999999888e+000	1.384771e-003
7.329999999999888e+000	1.384771e-003
7.339999999999888e+000	1.384771e-003
7.349999999999888e+000	1.384771e-003
7.359999999999888e+000	1.384771e-003
7.369999999999887e+000	1.384771e-003
7.379999999999887e+000	1.384771e-003
7.389999999999887e+000	1.384771e-003
7.399999999999887e+000	1.384771e-003
7.409999999999887e+000	1.384771e-003
7.419999999999886e+000	1.384771e-003
7.429999999999886e+000	1.384771e-003
7.439999999999886e+000	1.384771e-003
7.449999999999886e+000	1.384771e-003
7.459999999999885e+000	1.384771e-003
7.469999999999885e+000	1.384771e-003
7.479999999999885e+000	1.384771e-003
7.489999999999885e+000	1.384771e-003
7.499999999999885e+000	1.384771e-003
7.509999999999884e+000	1.384771e-003
7.519999999999884e+000	1.384771e-003
7.529999999999884e+000	1.384771e-003
7.539999999999884e+000	1.384771e-003
7.549999999999884e+000	1.384771e-003
7.559999999999883e+000	1.384771e-003
7.569999999999883e+000	1.384771e-003
7.579999999999883e+000	1.384771e-003
7.589999999999883e+000	1.384771e-003
7.599999999999882e+000	1.384771e-003
7.609999999999882e+000	1.384771e-003
7.619999999999882e+000	1.384771e-003
7.629999999999882e+000	1.384771e-003
7.639999999999882e+000	1.384771e-003
7.649999999999881e+000	1.384771e-003
7.659999999999881e+000	1.384771e-003
7.669999999999881e+000	1.384771e-003
7.679999999999881e+000	1.384771e-003
7.689999999999881e+000	1.384771e-003
7.699999999999880e+000	1.384771e-003
7.709999999999880e+000	1.384771e-003
7.719999999999880e+000	1.384771e-003
7.729999999999880e+000	1.384771e-003
7.739999999999879e+000	1.384771e-003
7.749999999999879e+000	1.384771e-003
7.759999999999879e+000	1.384771e-003
7.769999999999879e+000	1.384771e-003
7.779999999999879e+000	1.384771e-003
7.789999999999878e+000	1.384771e-003
7.799999999999878e+000	1.384771e-003
7.809999999999878e+000	1.384771e-003
7.819999999999878e+000	1.384771e-003
7.829999999999878e+000	1.384771e-003
7.839999999999877e+000	1.384771e-003
7.849999999999877e+000	1.384771e-003
7.859999999999877e+000	1.384771e-003
7.869999999999877e+000	1.384771e-003
7.879999999999876e+000	1.384771e-003
7.889999999999876e+000	1.384771e-003
7.899999999999876e+000	1.384771e-003
7.909999999999876e+000	1.384771e-003
7.919999999999876e+000	1.384771e-003
7.929999999999875e+000	1.384771e-003
7.939999999999875e+000	1.384771e-003
7.949999999999875e+000	1.384771e-003
7.959999999999875e+000	1.384771e-003
7.969999999999875e+000	1.384771e-003
7.979999999999874e+000	1.384771e-003
7.989999999999874e+000	1.384771e-003
7.999999999999874e+000	1.384771e-003
8.009999999999874e+000	1.384771e-003
8.019999999999874e+000	1.384771e-003
8.029999999999873e+000	1.384771e-003
8.039999999999873e+000	1.384771e-003
8.049999999999873e+000	1.384771e-003
8.059999999999873e+000	1.384771e-003
8.069999999999872e+000	1.384771e-003
8.079999999999872e+000	1.384771e-003
8.089999999999872e+000	1.384771e-003
8.099999999999872e+000	1.384771e-003
8.109999999999872e+000	1.384771e-003
8.119999999999871e+000	1.384771e-003
8.129999999999871e+000	1.384771e-003
8.139999999999871e+000	1.384771e-003
8.149999999999871e+000	1.384771e-003
8.159999999999871e+000	1.384771e-003
8.169999999999870e+000	1.384771e-003
8.179999999999870e+000	1.384771e-003
8.189999999999870e+000	1.384771e-003
8.199999999999870e+000	1.384771e-003
8.209999999999869e+000	1.384771e-003
8.219999999999869e+000	1.384771e-003
8.229999999999869e+000	1.384771e-003
8.239999999999869e+000	1.384771e-003
8.249999999999869e+000	1.384771e-003
8.259999999999868e+000	1.384771e-003
8.269999999999868e+000	1.384771e-003
8.279999999999868e+000	1.384771e-003
8.289999999999868e+000	1.384771e-003
8.299999999999868e+000	1.384771e-003
8.309999999999867e+000	1.384771e-003
8.319999999999867e+000	1.384771e-003
8.329999999999867e+000	1.384771e-003
8.339999999999867e+000	1.384771e-003
8.349999999999866e+000	1.384771e-003
8.359999999999866e+000	1.384771e-003
8.369999999999866e+000	1.384771e-003
8.379999999999866e+000	1.384771e-003
8.389999999999866e+000	1.384771e-003
8.399999999999865e+000	1.384771e-003
8.409999999999865e+000	1.384771e-003
8.419999999999865e+000	1.384771e-003
8.429999999999865e+000	1.384771e-003
8.439999999999865e+000	1.384771e-003
8.449999999999864e+000	1.384771e-003
8.459999999999864e+000	1.384771e-003
8.469999999999864e+000	1.384771e-003
8.479999999999864e+000	1.384771e-003
8.489999999999863e+000	1.384771e-003
8.499999999999863e+000	1.384771e-003
8.509999999999863e+000	1.384771e-003
8.519999999999863e+000	1.384771e-003
8.529999999999863e+000	1.384771e-003
8.539999999999862e+000	1.384771e-003
8.549999999999862e+000	1.384771e-003
8.559999999999862e+000	1.384771e-003
8.569999999999862e+000	1.384771e-003
8.579999999999862e+000	1.384771e-003
8.589999999999861e+000	1.384771e-003
8.599999999999861e+000	1.384771e-003
8.609999999999861e+000	1.384771e-003
8.619999999999861e+000	1.384771e-003
8.629999999999860e+000	1.384771e-003
8.639999999999860e+000	1.384771e-003
8.649999999999860e+000	1.384771e-003
8.659999999999860e+000	1.384771e-003
8.669999999999860e+000	1.384771e-003
8.679999999999859e+000	1.384771e-003
8.689999999999859e+000	1.384771e-003
8.699999999999859e+000	1.384771e-003
8.709999999999859e+000	1.384771e-003
8.719999999999859e+000	1.384771e-003
8.729999999999858e+000	1.384771e-003
8.739999999999858e+000	1.384771e-003
8.749999999999858e+000	1.384771e-003
8.759999999999858e+000	1.384771e-003
8.769999999999858e+000	1.384771e-003
8.779999999999857e+000	1.384771e-003
8.789999999999857e+000	1.384771e-003
8.799999999999857e+000	1.384771e-003
8.809999999999857e+000	1.384771e-003
8.819999999999856e+000	1.384771e-003
8.829999999999856e+000	1.384771e-003
8.839999999999856e+000	1.384771e-003
8.849999999999856e+000	1.384771e-003
8.859999999999856e+000	1.384771e-003
8.869999999999855e+000	1.384771e-003
8.879999999999855e+000	1.384771e-003
8.889999999999855e+000	1.384771e-003
8.899999999999855e+000	1.384771e-003
8.909999999999855e+000	1.384771e-003
8.919999999999854e+000	1.384771e-003
8.929999999999854e+000	1.384771e-003
8.939999999999854e+000	1.384771e-003
8.949999999999854e+000	1.384771e-003
8.959999999999853e+000	1.384771e-003
8.969999999999853e+000	1.384771e-003
8.979999999999853e+000	1.384771e-003
8.989999999999853e+000	1.384771e-003
8.999999999999853e+000	1.384771e-003
9.009999999999852e+000	1.384771e-003
9.019999999999852e+000	1.384771e-003
9.029999999999852e+000	1.384771e-003
9.039999999999852e+000	1.384771e-003
9.049999999999852e+000	1.384771e-003
9.059999999999851e+000	1.384771e-003
9.069999999999851e+000	1.384771e-003
9.079999999999851e+000	1.384771e-003
9.089999999999851e+000	1.384771e-003
9.099999999999850e+000	1.384771e-003
9.109999999999850e+000	1.384771e-003
9.119999999999850e+000	1.384771e-003
9.129999999999850e+000	1.384771e-003
9.139999999999850e+000	1.384771e-003
9.149999999999849e+000	1.384771e-003
9.159999999999849e+000	1.384771e-003
9.169999999999849e+000	1.384771e-003
9.179999999999849e+000	1.384771e-003
9.189999999999849e+000	1.384771e-003
9.199999999999848e+000	1.384771e-003
9.209999999999848e+000	1.384771e-003
9.219999999999848e+000	1.384771e-003
9.229999999999848e+000	1.384771e-003
9.239999999999847e+000	1.384771e-003
9.249999999999847e+000	1.384771e-003
9.259999999999847e+000	1.384771e-003
9.269999999999847e+000	1.384771e-003
9.279999999999847e+000	1.384771e-003
9.289999999999846e+000	1.384771e-003
9.299999999999846e+000	1.384771e-003
9.309999999999846e+000	1.384771e-003
9.319999999999846e+000	1.384771e-003
9.329999999999846e+000	1.384771e-003
9.339999999999845e+000	1.384771e-003
9.349999999999845e+000	1.384771e-003
9.359999999999845e+000	1.384771e-003
9.369999999999845e+000	1.384771e-003
9.379999999999845e+000	1.384771e-003
9.389999999999844e+000	1.384771e-003
9.399999999999844e+000	1.384771e-003
9.409999999999844e+000	1.384771e-003
9.419999999999844e+000	1.384771e-003
9.429999999999843e+000	1.384771e-003
9.439999999999843e+000	1.384771e-003
9.449999999999843e+000	1.384771e-003
9.459999999999843e+000	1.384771e-003
9.469999999999843e+000	1.384771e-003
9.479999999999842e+000	1.384771e-003
9.489999999999842e+000	1.384771e-003
9.499999999999842e+000	1.384771e-003
9.509999999999842e+000	1.384771e-003
9.519999999999842e+000	1.384771e-003
9.529999999999841e+000	1.384771e-003
9.539999999999841e+000	1.384771e-003
9.549999999999841e+000	1.384771e-003
9.559999999999841e+000	1.384771e-003
9.569999999999840e+000	1.384771e-003
9.579999999999840e+000	1.384771e-003
9.589999999999840e+000	1.384771e-003
9.599999999999840e+000	1.384771e-003
9.609999999999840e+000	1.384771e-003
9.619999999999839e+000	1.384771e-003
9.629999999999839e+000	1.384771e-003
9.639999999999839e+000	1.384771e-003
9.649999999999839e+000	1.384771e-003
9.659999999999839e+000	1.384771e-003
9.669999999999838e+000	1.384771e-003
9.679999999999838e+000	1.384771e-003
9.689999999999838e+000	1.384771e-003
9.699999999999838e+000	1.384771e-003
9.709999999999837e+000	1.384771e-003
9.719999999999837e+000	1.384771e-003
9.729999999999837e+000	1.384771e-003
9.739999999999837e+000	1.384771e-003
9.749999999999837e+000	1.384771e-003
9.759999999999836e+000	1.384771e-003
9.769999999999836e+000	1.384771e-003
9.779999999999836e+000	1.384771e-003
9.789999999999836e+000	1.384771e-003
9.799999999999836e+000	1.384771e-003
9.809999999999835e+000	1.384771e-003
9.819999999999835e+000	1.384771e-003
9.829999999999835e+000	1.384771e-003
9.839999999999835e+000	1.384771e-003
9.849999999999834e+000	1.384771e-003
9.859999999999834e+000	1.384771e-003
9.869999999999834e+000	1.384771e-003
9.879999999999834e+000	1.384771e-003
9.889999999999834e+000	1.384771e-003
9.899999999999833e+000	1.384771e-003
9.909999999999833e+000	1.384771e-003
9.919999999999833e+000	1.384771e-003
9.929999999999833e+000	1.384771e-003
9.939999999999833e+000	1.384771e-003
9.949999999999832e+000	1.384771e-003
9.959999999999832e+000	1.384771e-003
9.969999999999832e+000	1.384771e-003
9.979999999999832e+000	1.384771e-003
9.989999999999832e+000	1.384771e-003
9.999999999999831e+000	1.384771e-003
1.000999999999983e+001	1.384771e-003
1.001999999999983e+001	1.384771e-003
1.002999999999983e+001	1.384771e-003
1.003999999999983e+001	1.384771e-003
1.004999999999983e+001	1.384771e-003
1.005999999999983e+001	1.384771e-003
1.006999999999983e+001	1.384771e-003
1.007999999999983e+001	1.384771e-003
1.008999999999983e+001	1.384771e-003
1.009999999999983e+001	1.384771e-003
1.010999999999983e+001	1.384771e-003
1.011999999999983e+001	1.384771e-003
1.012999999999983e+001	1.384771e-003
1.013999999999983e+001	1.384771e-003
1.014999999999983e+001	1.384771e-003
1.015999999999983e+001	1.384771e-003
1.016999999999983e+001	1.384771e-003
1.017999999999983e+001	1.384771e-003
1.018999999999983e+001	1.384771e-003
1.019999999999983e+001	1.384771e-003
1.020999999999983e+001	1.384771e-003
1.021999999999983e+001	1.384771e-003
1.022999999999983e+001	1.384771e-003
1.023999999999983e+001	1.384771e-003
1.024999999999983e+001	1.384771e-003
1.025999999999983e+001	1.384771e-003
1.026999999999983e+001	1.384771e-003
1.027999999999983e+001	1.384771e-003
1.028999999999983e+001	1.384771e-003
1.029999999999983e+001	1.384771e-003
1.030999999999983e+001	1.384771e-003
1.031999999999982e+001	1.384771e-003
1.032999999999982e+001	1.384771e-003
1.033999999999982e+001	1.384771e-003
1.034999999999982e+001	1.384771e-003
1.035999999999982e+001	1.384771e-003
1.036999999999982e+001	1.384771e-003
1.037999999999982e+001	1.384771e-003
1.038999999999982e+001	1.384771e-003
1.039999999999982e+001	1.384771e-003
1.040999999999982e+001	1.384771e-003
1.041999999999982e+001	1.384771e-003
1.042999999999982e+001	1.384771e-003
1.043999999999982e+001	1.384771e-003
1.044999999999982e+001	1.384771e-003
1.045999999999982e+001	1.384771e-003
1.046999999999982e+001	1.384771e-003
1.047999999999982e+001	1.384771e-003
1.048999999999982e+001	1.384771e-003
1.049999999999982e+001	1.384771e-003
1.050999999999982e+001	1.384771e-003
1.051999999999982e+001	1.384771e-003
1.052999999999982e+001	1.384771e-003
1.053999999999982e+001	1.384771e-003
1.054999999999982e+001	1.384771e-003
1.055999999999982e+001	1.384771e-003
1.056999999999982e+001	1.384771e-003
1.057999999999982e+001	1.384771e-003
1.058999999999982e+001	1.384771e-003
1.059999999999982e+001	1.384771e-003
1.060999999999982e+001	1.384771e-003
1.061999999999982e+001	1.384771e-003
1.062999999999982e+001	1.384771e-003
1.063999999999982e+001	1.384771e-003
1.064999999999982e+001	1.384771e-003
1.065999999999982e+001	1.384771e-003
1.066999999999982e+001	1.384771e-003
1.067999999999982e+001	1.384771e-003
1.068999999999982e+001	1.384771e-003
1.069999999999982e+001	1.384771e-003
1.070999999999982e+001	1.384771e-003
1.071999999999982e+001	1.384771e-003
1.072999999999982e+001	1.384771e-003
1.073999999999982e+001	1.384771e-003
1.074999999999982e+001	1.384771e-003
1.075999999999982e+001	1.384771e-003
1.076999999999982e+001	1.384771e-003
1.077999999999982e+001	1.384771e-003
1.078999999999981e+001	1.384771e-003
1.079999999999981e+001	1.384771e-003
1.080999999999981e+001	1.384771e-003
1.081999999999981e+001	1.384771e-003
1.082999999999981e+001	1.384771e-003
1.083999999999981e+001	1.384771e-003
1.084999999999981e+001	1.384771e-003
1.085999999999981e+001	1.384771e-003
1.086999999999981e+001	1.384771e-003
1.087999999999981e+001	1.384771e-003
1.088999999999981e+001	1.384771e-003
1.089999999999981e+001	1.384771e-003
1.090999999999981e+001	1.384771e-003
1.091999999999981e+001	1.384771e-003
1.092999999999981e+001	1.384771e-003
1.093999999999981e+001	1.384771e-003
1.094999999999981e+001	1.384771e-003
1.095999999999981e+001	1.384771e-003
1.096999999999981e+001	1.384771e-003
1.097999999999981e+001	1.384771e-003
1.098999999999981e+001	1.384771e-003
1.099999999999981e+001	1.384771e-003
1.100999999999981e+001	1.384771e-003
1.101999999999981e+001	1.384771e-003
1.102999999999981e+001	1.384771e-003
1.103999999999981e+001	1.384771e-003
1.104999999999981e+001	1.384771e-003
1.105999999999981e+001	1.384771e-003
1.106999999999981e+001	1.384771e-003
1.107999999999981e+001	1.384771e-003
1.108999999999981e+001	1.384771e-003
1.109999999999981e+001	1.384771e-003
1.110999999999981e+001	1.384771e-003
1.111999999999981e+001	1.384771e-003
1.112999999999981e+001	1.384771e-003
1.113999999999981e+001	1.384771e-003
1.114999999999981e+001	1.384771e-003
1.115999999999981e+001	1.384771e-003
1.116999999999981e+001	1.384771e-003
1.117999999999981e+001	1.384771e-003
1.118999999999981e+001	1.384771e-003
1.119999999999981e+001	1.384771e-003
1.120999999999981e+001	1.384771e-003
1.121999999999981e+001	1.384771e-003
1.122999999999981e+001	1.384771e-003
1.123999999999981e+001	1.384771e-003
1.124999999999981e+001	1.384771e-003
1.125999999999980e+001	1.384771e-003
1.126999999999980e+001	1.384771e-003
1.127999999999980e+001	1.384771e-003
1.128999999999980e+001	1.384771e-003
1.129999999999980e+001	1.384771e-003
1.130999999999980e+001	1.384771e-003
1.131999999999980e+001	1.384771e-003
1.132999999999980e+001	1.384771e-003
1.133999999999980e+001	1.384771e-003
1.134999999999980e+001	1.384771e-003
1.135999999999980e+001	1.384771e-003
1.136999999999980e+001	1.384771e-003
1.137999999999980e+001	1.384771e-003
1.138999999999980e+001	1.384771e-003
1.139999999999980e+001	1.384771e-003
1.140999999999980e+001	1.384771e-003
1.141999999999980e+001	1.384771e-003
1.142999999999980e+001	1.384771e-003
1.143999999999980e+001	1.384771e-003
1.144999999999980e+001	1.384771e-003
1.145999999999980e+001	1.384771e-003
1.146999999999980e+001	1.384771e-003
1.147999999999980e+001	1.384771e-003
1.148999999999980e+001	1.384771e-003
1.149999999999980e+001	1.384771e-003
1.150999999999980e+001	1.384771e-003
1.151999999999980e+001	1.384771e-003
1.152999999999980e+001	1.384771e-003
1.153999999999980e+001	1.384771e-003
1.154999999999980e+001	1.384771e-003
1.155999999999980e+001	1.384771e-003
1.156999999999980e+001	1.384771e-003
1.157999999999980e+001	1.384771e-003
1.158999999999980e+001	1.384771e-003
1.159999999999980e+001	1.384771e-003
1.160999999999980e+001	1.384771e-003
1.161999999999980e+001	1.384771e-003
1.162999999999980e+001	1.384771e-003
1.163999999999980e+001	1.384771e-003
1.164999999999980e+001	1.384771e-003
1.165999999999980e+001	1.384771e-003
1.166999999999980e+001	1.384771e-003
1.167999999999980e+001	1.384771e-003
1.168999999999980e+001	1.384771e-003
1.169999999999980e+001	1.384771e-003
1.170999999999980e+001	1.384771e-003
1.171999999999980e+001	1.384771e-003
1.172999999999979e+001	1.384771e-003
1.173999999999979e+001	1.384771e-003
1.174999999999979e+001	1.384771e-003
1.175999999999979e+001	1.384771e-003
1.176999999999979e+001	1.384771e-003
1.177999999999979e+001	1.384771e-003
1.178999999999979e+001	1.384771e-003
1.179999999999979e+001	1.384771e-003
1.180999999999979e+001	1.384771e-003
1.181999999999979e+001	1.384771e-003
1.182999999999979e+001	1.384771e-003
1.183999999999979e+001	1.384771e-003
1.184999999999979e+001	1.384771e-003
1.185999999999979e+001	1.384771e-003
1.186999999999979e+001	1.384771e-003
1.187999999999979e+001	1.384771e-003
1.188999999999979e+001	1.384771e-003
1.189999999999979e+001	1.384771e-003
1.190999999999979e+001	1.384771e-003
1.191999999999979e+001	1.384771e-003
1.192999999999979e+001	1.384771e-003
1.193999999999979e+001	1.384771e-003
1.194999999999979e+001	1.384771e-003
1.195999999999979e+001	1.384771e-003
1.196999999999979e+001	1.384771e-003
1.197999999999979e+001	1.384771e-003
1.198999999999979e+001	1.384771e-003
1.199999999999979e+001	1.384771e-003
1.200999999999979e+001	1.384771e-003
1.201999999999979e+001	1.384771e-003
1.202999999999979e+001	1.384771e-003
1.203999999999979e+001	1.384771e-003
1.204999999999979e+001	1.384771e-003
1.205999999999979e+001	1.384771e-003
1.206999999999979e+001	1.384771e-003
1.207999999999979e+001	1.384771e-003
1.208999999999979e+001	1.384771e-003
1.209999999999979e+001	1.384771e-003
1.210999999999979e+001	1.384771e-003
1.211999999999979e+001	1.384771e-003
1.212999999999979e+001	1.384771e-003
1.213999999999979e+001	1.384771e-003
1.214999999999979e+001	1.384771e-003
1.215999999999979e+001	1.384771e-003
1.216999999999979e+001	1.384771e-003
1.217999999999979e+001	1.384771e-003
1.218999999999979e+001	1.384771e-003
1.219999999999978e+001	1.384771e-003
1.220999999999978e+001	1.384771e-003
1.221999999999978e+001	1.384771e-003
1.222999999999978e+001	1.384771e-003
1.223999999999978e+001	1.384771e-003
1.224999999999978e+001	1.384771e-003
1.225999999999978e+001	1.384771e-003
1.226999999999978e+001	1.384771e-003
1.227999999999978e+001	1.384771e-003
1.228999999999978e+001	1.384771e-003
1.229999999999978e+001	1.384771e-003
1.230999999999978e+001	1.384771e-003
1.231999999999978e+001	1.384771e-003
1.232999999999978e+001	1.384771e-003
1.233999999999978e+001	1.384771e-003
1.234999999999978e+001	1.384771e-003
1.235999999999978e+001	1.384771e-003
1.236999999999978e+001	1.384771e-003
1.237999999999978e+001	1.384771e-003
1.238999999999978e+001	1.384771e-003
1.239999999999978e+001	1.384771e-003
1.240999999999978e+001	1.384771e-003
1.241999999999978e+001	1.384771e-003
1.242999999999978e+001	1.384771e-003
1.243999999999978e+001	1.384771e-003
1.244999999999978e+001	1.384771e-003
1.245999999999978e+001	1.384771e-003
1.246999999999978e+001	1.384771e-003
1.247999999999978e+001	1.384771e-003
1.248999999999978e+001	1.384771e-003
1.249999999999978e+001	1.384771e-003
1.250999999999978e+001	1.384771e-003
1.251999999999978e+001	1.384771e-003
1.252999999999978e+001	1.384771e-003
1.253999999999978e+001	1.384771e-003
1.254999999999978e+001	1.384771e-003
1.255999999999978e+001	1.384771e-003
1.256999999999978e+001	1.384771e-003
1.257999999999978e+001	1.384771e-003
1.258999999999978e+001	1.384771e-003
1.259999999999978e+001	1.384771e-003
1.260999999999978e+001	1.384771e-003
1.261999999999978e+001	1.384771e-003
1.262999999999978e+001	1.384771e-003
1.263999999999978e+001	1.384771e-003
1.264999999999978e+001	1.384771e-003
1.265999999999978e+001	1.384771e-003
1.266999999999977e+001	1.384771e-003
1.267999999999977e+001	1.384771e-003
1.268999999999977e+001	1.384771e-003
1.269999999999977e+001	1.384771e-003
1.270999999999977e+001	1.384771e-003
1.271999999999977e+001	1.384771e-003
1.272999999999977e+001	1.384771e-003
1.273999999999977e+001	1.384771e-003
1.274999999999977e+001	1.384771e-003
1.275999999999977e+001	1.384771e-003
1.276999999999977e+001	1.384771e-003
1.277999999999977e+001	1.384771e-003
1.278999999999977e+001	1.384771e-003
1.279999999999977e+001	1.384771e-003
1.280999999999977e+001	1.384771e-003
1.281999999999977e+001	1.384771e-003
1.282999999999977e+001	1.384771e-003
1.283999999999977e+001	1.384771e-003
1.284999999999977e+001	1.384771e-003
1.285999999999977e+001	1.384771e-003
1.286999999999977e+001	1.384771e-003
1.287999999999977e+001	1.384771e-003
1.288999999999977e+001	1.384771e-003
1.289999999999977e+001	1.384771e-003
1.290999999999977e+001	1.384771e-003
1.291999999999977e+001	1.384771e-003
1.292999999999977e+001	1.384771e-003
1.293999999999977e+001	1.384771e-003
1.294999999999977e+001	1.384771e-003
1.295999999999977e+001	1.384771e-003
1.296999999999977e+001	1.384771e-003
1.297999999999977e+001	1.384771e-003
1.298999999999977e+001	1.384771e-003
1.299999999999977e+001	1.384771e-003
1.300999999999977e+001	1.384771e-003
1.301999999999977e+001	1.384771e-003
1.302999999999977e+001	1.384771e-003
1.303999999999977e+001	1.384771e-003
1.304999999999977e+001	1.384771e-003
1.305999999999977e+001	1.384771e-003
1.306999999999977e+001	1.384771e-003
1.307999999999977e+001	1.384771e-003
1.308999999999977e+001	1.384771e-003
1.309999999999977e+001	1.384771e-003
1.310999999999977e+001	1.384771e-003
1.311999999999977e+001	1.384771e-003
1.312999999999977e+001	1.384771e-003
1.313999999999976e+001	1.384771e-003
1.314999999999976e+001	1.384771e-003
1.315999999999976e+001	1.384771e-003
1.316999999999976e+001	1.384771e-003
1.317999999999976e+001	1.384771e-003
1.318999999999976e+001	1.384771e-003
1.319999999999976e+001	1.384771e-003
1.320999999999976e+001	1.384771e-003
1.321999999999976e+001	1.384771e-003
1.322999999999976e+001	1.384771e-003
1.323999999999976e+001	1.384771e-003
1.324999999999976e+001	1.384771e-003
1.325999999999976e+001	1.384771e-003
1.326999999999976e+001	1.384771e-003
1.327999999999976e+001	1.384771e-003
1.328999999999976e+001	1.384771e-003
1.329999999999976e+001	1.384771e-003
1.330999999999976e+001	1.384771e-003
1.331999999999976e+001	1.384771e-003
1.332999999999976e+001	1.384771e-003
1.333999999999976e+001	1.384771e-003
1.334999999999976e+001	1.384771e-003
1.335999999999976e+001	1.384771e-003
1.336999999999976e+001	1.384771e-003
1.337999999999976e+001	1.384771e-003
1.338999999999976e+001	1.384771e-003
1.339999999999976e+001	1.384771e-003
1.340999999999976e+001	1.384771e-003
1.341999999999976e+001	1.384771e-003
1.342999999999976e+001	1.384771e-003
1.343999999999976e+001	1.384771e-003
1.344999999999976e+001	1.384771e-003
1.345999999999976e+001	1.384771e-003
1.346999999999976e+001	1.384771e-003
1.347999999999976e+001	1.384771e-003
1.348999999999976e+001	1.384771e-003
1.349999999999976e+001	1.384771e-003
1.350999999999976e+001	1.384771e-003
1.351999999999976e+001	1.384771e-003
1.352999999999976e+001	1.384771e-003
1.353999999999976e+001	1.384771e-003
1.354999999999976e+001	1.384771e-003
1.355999999999976e+001	1.384771e-003
1.356999999999976e+001	1.384771e-003
1.357999999999976e+001	1.384771e-003
1.358999999999976e+001	1.384771e-003
1.359999999999976e+001	1.384771e-003
1.360999999999975e+001	1.384771e-003
1.361999999999975e+001	1.384771e-003
1.362999999999975e+001	1.384771e-003
1.363999999999975e+001	1.384771e-003
1.364999999999975e+001	1.384771e-003
1.365999999999975e+001	1.384771e-003
1.366999999999975e+001	1.384771e-003
1.367999999999975e+001	1.384771e-003
1.368999999999975e+001	1.384771e-003
1.369999999999975e+001	1.384771e-003
1.370999999999975e+001	1.384771e-003
1.371999999999975e+001	1.384771e-003
1.372999999999975e+001	1.384771e-003
1.373999999999975e+001	1.384771e-003
1.374999999999975e+001	1.384771e-003
1.375999999999975e+001	1.384771e-003
1.376999999999975e+001	1.384771e-003
1.377999999999975e+001	1.384771e-003
1.378999999999975e+001	1.384771e-003
1.379999999999975e+001	1.384771e-003
1.380999999999975e+001	1.384771e-003
1.381999999999975e+001	1.384771e-003
1.382999999999975e+001	1.384771e-003
1.383999999999975e+001	1.384771e-003
1.384999999999975e+001	1.384771e-003
1.385999999999975e+001	1.384771e-003
1.386999999999975e+001	1.384771e-003
1.387999999999975e+001	1.384771e-003
1.388999999999975e+001	1.384771e-003
1.389999999999975e+001	1.384771e-003
1.390999999999975e+001	1.384771e-003
1.391999999999975e+001	1.384771e-003
1.392999999999975e+001	1.384771e-003
1.393999999999975e+001	1.384771e-003
1.394999999999975e+001	1.384771e-003
1.395999999999975e+001	1.384771e-003
1.396999999999975e+001	1.384771e-003
1.397999999999975e+001	1.384771e-003
1.398999999999975e+001	1.384771e-003
1.399999999999975e+001	1.384771e-003
1.400999999999975e+001	1.384771e-003
1.401999999999975e+001	1.384771e-003
1.402999999999975e+001	1.384771e-003
1.403999999999975e+001	1.384771e-003
1.404999999999975e+001	1.384771e-003
1.405999999999975e+001	1.384771e-003
1.406999999999974e+001	1.384771e-003
1.407999999999974e+001	1.384771e-003
1.408999999999974e+001	1.384771e-003
1.409999999999974e+001	1.384771e-003
1.410999999999974e+001	1.384771e-003
1.411999999999974e+001	1.384771e-003
1.412999999999974e+001	1.384771e-003
1.413999999999974e+001	1.384771e-003
1.414999999999974e+001	1.384771e-003
1.415999999999974e+001	1.384771e-003
1.416999999999974e+001	1.384771e-003
1.417999999999974e+001	1.384771e-003
1.418999999999974e+001	1.384771e-003
1.419999999999974e+001	1.384771e-003
1.420999999999974e+001	1.384771e-003
1.421999999999974e+001	1.384771e-003
1.422999999999974e+001	1.384771e-003
1.423999999999974e+001	1.384771e-003
1.424999999999974e+001	1.384771e-003
1.425999999999974e+001	1.384771e-003
1.426999999999974e+001	1.384771e-003
1.427999999999974e+001	1.384771e-003
1.428999999999974e+001	1.384771e-003
1.429999999999974e+001	1.384771e-003
1.430999999999974e+001	1.384771e-003
1.431999999999974e+001	1.384771e-003
1.432999999999974e+001	1.384771e-003
1.433999999999974e+001	1.384771e-003
1.434999999999974e+001	1.384771e-003
1.435999999999974e+001	1.384771e-003
1.436999999999974e+001	1.384771e-003
1.437999999999974e+001	1.384771e-003
1.438999999999974e+001	1.384771e-003
1.439999999999974e+001	1.384771e-003
1.440999999999974e+001	1.384771e-003
1.441999999999974e+001	1.384771e-003
1.442999999999974e+001	1.384771e-003
1.443999999999974e+001	1.384771e-003
1.444999999999974e+001	1.384771e-003
1.445999999999974e+001	1.384771e-003
1.446999999999974e+001	1.384771e-003
1.447999999999974e+001	1.384771e-003
1.448999999999974e+001	1.384771e-003
1.449999999999974e+001	1.384771e-003
1.450999999999974e+001	1.384771e-003
1.451999999999974e+001	1.384771e-003
1.452999999999974e+001	1.384771e-003
1.453999999999973e+001	1.384771e-003
1.454999999999973e+001	1.384771e-003
1.455999999999973e+001	1.384771e-003
1.456999999999973e+001	1.384771e-003
1.457999999999973e+001	1.384771e-003
1.458999999999973e+001	1.384771e-003
1.459999999999973e+001	1.384771e-003
1.460999999999973e+001	1.384771e-003
1.461999999999973e+001	1.384771e-003
1.462999999999973e+001	1.384771e-003
1.463999999999973e+001	1.384771e-003
1.464999999999973e+001	1.384771e-003
1.465999999999973e+001	1.384771e-003
1.466999999999973e+001	1.384771e-003
1.467999999999973e+001	1.384771e-003
1.468999999999973e+001	1.384771e-003
1.469999999999973e+001	1.384771e-003
1.470999999999973e+001	1.384771e-003
1.471999999999973e+001	1.384771e-003
1.472999999999973e+001	1.384771e-003
1.473999999999973e+001	1.384771e-003
1.474999999999973e+001	1.384771e-003
1.475999999999973e+001	1.384771e-003
1.476999999999973e+001	1.384771e-003
1.477999999999973e+001	1.384771e-003
1.478999999999973e+001	1.384771e-003
1.479999999999973e+001	1.384771e-003
1.480999999999973e+001	1.384771e-003
1.481999999999973e+001	1.384771e-003
1.482999999999973e+001	1.384771e-003
1.483999999999973e+001	1.384771e-003
1.484999999999973e+001	1.384771e-003
1.485999999999973e+001	1.384771e-003
1.486999999999973e+001	1.384771e-003
1.487999999999973e+001	1.384771e-003
1.488999999999973e+001	1.384771e-003
1.489999999999973e+001	1.384771e-003
1.490999999999973e+001	1.384771e-003
1.491999999999973e+001	1.384771e-003
1.492999999999973e+001	1.384771e-003
1.493999999999973e+001	1.384771e-003
1.494999999999973e+001	1.384771e-003
1.495999999999973e+001	1.384771e-003
1.496999999999973e+001	1.384771e-003
1.497999999999973e+001	1.384771e-003
1.498999999999973e+001	1.384771e-003
1.499999999999973e+001	1.384771e-003
1.500999999999972e+001	1.384771e-003
1.501999999999972e+001	1.384771e-003
1.502999999999972e+001	1.384771e-003
1.503999999999972e+001	1.384771e-003
1.504999999999972e+001	1.384771e-003
1.505999999999972e+001	1.384771e-003
1.506999999999972e+001	1.384771e-003
1.507999999999972e+001	1.384771e-003
1.508999999999972e+001	1.384771e-003
1.509999999999972e+001	1.384771e-003
1.510999999999972e+001	1.384771e-003
1.511999999999972e+001	1.384771e-003
1.512999999999972e+001	1.384771e-003
1.513999999999972e+001	1.384771e-003
1.514999999999972e+001	1.384771e-003
1.515999999999972e+001	1.384771e-003
1.516999999999972e+001	1.384771e-003
1.517999999999972e+001	1.384771e-003
1.518999999999972e+001	1.384771e-003
1.519999999999972e+001	1.384771e-003
1.520999999999972e+001	1.384771e-003
1.521999999999972e+001	1.384771e-003
1.522999999999972e+001	1.384771e-003
1.523999999999972e+001	1.384771e-003
1.524999999999972e+001	1.384771e-003
1.525999999999972e+001	1.384771e-003
1.526999999999972e+001	1.384771e-003
1.527999999999972e+001	1.384771e-003
1.528999999999972e+001	1.384771e-003
1.529999999999972e+001	1.384771e-003
1.530999999999972e+001	1.384771e-003
1.531999999999972e+001	1.384771e-003
1.532999999999972e+001	1.384771e-003
1.533999999999972e+001	1.384771e-003
1.534999999999972e+001	1.384771e-003
1.535999999999972e+001	1.384771e-003
1.536999999999972e+001	1.384771e-003
1.537999999999972e+001	1.384771e-003
1.538999999999972e+001	1.384771e-003
1.539999999999972e+001	1.384771e-003
1.540999999999972e+001	1.384771e-003
1.541999999999972e+001	1.384771e-003
1.542999999999972e+001	1.384771e-003
1.543999999999972e+001	1.384771e-003
1.544999999999972e+001	1.384771e-003
1.545999999999972e+001	1.384771e-003
1.546999999999972e+001	1.384771e-003
1.547999999999971e+001	1.384771e-003
1.548999999999971e+001	1.384771e-003
1.549999999999971e+001	1.384771e-003
1.550999999999971e+001	1.384771e-003
1.551999999999971e+001	1.384771e-003
1.552999999999971e+001	1.384771e-003
1.553999999999971e+001	1.384771e-003
1.554999999999971e+001	1.384771e-003
1.555999999999971e+001	1.384771e-003
1.556999999999971e+001	1.384771e-003
1.557999999999971e+001	1.384771e-003
1.558999999999971e+001	1.384771e-003
1.559999999999971e+001	1.384771e-003
1.560999999999971e+001	1.384771e-003
1.561999999999971e+001	1.384771e-003
1.562999999999971e+001	1.384771e-003
1.563999999999971e+001	1.384771e-003
1.564999999999971e+001	1.384771e-003
1.565999999999971e+001	1.384771e-003
1.566999999999971e+001	1.384771e-003
1.567999999999971e+001	1.384771e-003
1.568999999999971e+001	1.384771e-003
1.569999999999971e+001	1.384771e-003
1.570999999999971e+001	1.384771e-003
1.571999999999971e+001	1.384771e-003
1.572999999999971e+001	1.384771e-003
1.573999999999971e+001	1.384771e-003
1.574999999999971e+001	1.384771e-003
1.575999999999971e+001	1.384771e-003
1.576999999999971e+001	1.384771e-003
1.577999999999971e+001	1.384771e-003
1.578999999999971e+001	1.384771e-003
1.579999999999971e+001	1.384771e-003
1.580999999999971e+001	1.384771e-003
1.581999999999971e+001	1.384771e-003
1.582999999999971e+001	1.384771e-003
1.583999999999971e+001	1.384771e-003
1.584999999999971e+001	1.384771e-003
1.585999999999971e+001	1.384771e-003
1.586999999999971e+001	1.384771e-003
1.587999999999971e+001	1.384771e-003
1.588999999999971e+001	1.384771e-003
1.589999999999971e+001	1.384771e-003
1.590999999999971e+001	1.384771e-003
1.591999999999971e+001	1.384771e-003
1.592999999999971e+001	1.384771e-003
1.593999999999971e+001	1.384771e-003
1.594999999999970e+001	1.384771e-003
1.595999999999970e+001	1.384771e-003
1.596999999999970e+001	1.384771e-003
1.597999999999970e+001	1.384771e-003
1.598999999999970e+001	1.384771e-003
1.599999999999970e+001	1.384771e-003
1.600999999999970e+001	1.384771e-003
1.601999999999971e+001	1.384771e-003
1.602999999999971e+001	1.384771e-003
1.603999999999971e+001	1.384771e-003
1.604999999999971e+001	1.384771e-003
1.605999999999971e+001	1.384771e-003
1.606999999999971e+001	1.384771e-003
1.607999999999971e+001	1.384771e-003
1.608999999999972e+001	1.384771e-003
1.609999999999972e+001	1.384771e-003
1.610999999999972e+001	1.384771e-003
1.611999999999972e+001	1.384771e-003
1.612999999999972e+001	1.384771e-003
1.613999999999972e+001	1.384771e-003
1.614999999999973e+001	1.384771e-003
1.615999999999973e+001	1.384771e-003
1.616999999999973e+001	1.384771e-003
1.617999999999973e+001	1.384771e-003
1.618999999999973e+001	1.384771e-003
1.619999999999973e+001	1.384771e-003
1.620999999999973e+001	1.384771e-003
1.621999999999974e+001	1.384771e-003
1.622999999999974e+001	1.384771e-003
1.623999999999974e+001	1.384771e-003
1.624999999999974e+001	1.384771e-003
1.625999999999974e+001	1.384771e-003
1.626999999999974e+001	1.384771e-003
1.627999999999975e+001	1.384771e-003
1.628999999999975e+001	1.384771e-003
1.629999999999975e+001	1.384771e-003
1.630999999999975e+001	1.384771e-003
1.631999999999975e+001	1.384771e-003
1.632999999999975e+001	1.384771e-003
1.633999999999976e+001	1.384771e-003
1.634999999999976e+001	1.384771e-003
1.635999999999976e+001	1.384771e-003
1.636999999999976e+001	1.384771e-003
1.637999999999976e+001	1.384771e-003
1.638999999999976e+001	1.384771e-003
1.639999999999976e+001	1.384771e-003
1.640999999999977e+001	1.384771e-003
1.641999999999977e+001	1.384771e-003
1.642999999999977e+001	1.384771e-003
1.643999999999977e+001	1.384771e-003
1.644999999999977e+001	1.384771e-003
1.645999999999977e+001	1.384771e-003
1.646999999999978e+001	1.384771e-003
1.647999999999978e+001	1.384771e-003
1.648999999999978e+001	1.384771e-003
1.649999999999978e+001	1.384771e-003
1.650999999999978e+001	1.384771e-003
1.651999999999978e+001	1.384771e-003
1.652999999999978e+001	1.384771e-003
1.653999999999979e+001	1.384771e-003
1.654999999999979e+001	1.384771e-003
1.655999999999979e+001	1.384771e-003
1.656999999999979e+001	1.384771e-003
1.657999999999979e+001	1.384771e-003
1.658999999999979e+001	1.384771e-003
1.659999999999980e+001	1.384771e-003
1.660999999999980e+001	1.384771e-003
1.661999999999980e+001	1.384771e-003
1.662999999999980e+001	1.384771e-003
1.663999999999980e+001	1.384771e-003
1.664999999999980e+001	1.384771e-003
1.665999999999981e+001	1.384771e-003
1.666999999999981e+001	1.384771e-003
1.667999999999981e+001	1.384771e-003
1.668999999999981e+001	1.384771e-003
1.669999999999981e+001	1.384771e-003
1.670999999999981e+001	1.384771e-003
1.671999999999981e+001	1.384771e-003
1.672999999999982e+001	1.384771e-003
1.673999999999982e+001	1.384771e-003
1.674999999999982e+001	1.384771e-003
1.675999999999982e+001	1.384771e-003
1.676999999999982e+001	1.384771e-003
1.677999999999982e+001	1.384771e-003
1.678999999999983e+001	1.384771e-003
1.679999999999983e+001	1.384771e-003
1.680999999999983e+001	1.384771e-003
1.681999999999983e+001	1.384771e-003
1.682999999999983e+001	1.384771e-003
1.683999999999983e+001	1.384771e-003
1.684999999999983e+001	1.384771e-003
1.685999999999984e+001	1.384771e-003
1.686999999999984e+001	1.384771e-003
1.687999999999984e+001	1.384771e-003
1.688999999999984e+001	1.384771e-003
1.689999999999984e+001	1.384771e-003
1.690999999999984e+001	1.384771e-003
1.691999999999985e+001	1.384771e-003
1.692999999999985e+001	1.384771e-003
1.693999999999985e+001	1.384771e-003
1.694999999999985e+001	1.384771e-003
1.695999999999985e+001	1.384771e-003
1.696999999999985e+001	1.384771e-003
1.697999999999986e+001	1.384771e-003
1.698999999999986e+001	1.384771e-003
1.699999999999986e+001	1.384771e-003
1.700999999999986e+001	1.384771e-003
1.701999999999986e+001	1.384771e-003
1.702999999999986e+001	1.384771e-003
1.703999999999986e+001	1.384771e-003
1.704999999999987e+001	1.384771e-003
1.705999999999987e+001	1.384771e-003
1.706999999999987e+001	1.384771e-003
1.707999999999987e+001	1.384771e-003
1.708999999999987e+001	1.384771e-003
1.709999999999987e+001	1.384771e-003
1.710999999999988e+001	1.384771e-003
1.711999999999988e+001	1.384771e-003
1.712999999999988e+001	1.384771e-003
1.713999999999988e+001	1.384771e-003
1.714999999999988e+001	1.384771e-003
1.715999999999988e+001	1.384771e-003
1.716999999999988e+001	1.384771e-003
1.717999999999989e+001	1.384771e-003
1.718999999999989e+001	1.384771e-003
1.719999999999989e+001	1.384771e-003
1.720999999999989e+001	1.384771e-003
1.721999999999989e+001	1.384771e-003
1.722999999999989e+001	1.384771e-003
1.723999999999990e+001	1.384771e-003
1.724999999999990e+001	1.384771e-003
1.725999999999990e+001	1.384771e-003
1.726999999999990e+001	1.384771e-003
1.727999999999990e+001	1.384771e-003
1.728999999999990e+001	1.384771e-003
1.729999999999991e+001	1.384771e-003
1.730999999999991e+001	1.384771e-003
1.731999999999991e+001	1.384771e-003
1.732999999999991e+001	1.384771e-003
1.733999999999991e+001	1.384771e-003
1.734999999999991e+001	1.384771e-003
1.735999999999991e+001	1.384771e-003
1.736999999999992e+001	1.384771e-003
1.737999999999992e+001	1.384771e-003
1.738999999999992e+001	1.384771e-003
1.739999999999992e+001	1.384771e-003
1.740999999999992e+001	1.384771e-003
1.741999999999992e+001	1.384771e-003
1.742999999999993e+001	1.384771e-003
1.743999999999993e+001	1.384771e-003
1.744999999999993e+001	1.384771e-003
1.745999999999993e+001	1.384771e-003
1.746999999999993e+001	1.384771e-003
1.747999999999993e+001	1.384771e-003
1.748999999999993e+001	1.384771e-003
1.749999999999994e+001	1.384771e-003
1.750999999999994e+001	1.384771e-003
1.751999999999994e+001	1.384771e-003
1.752999999999994e+001	1.384771e-003
1.753999999999994e+001	1.384771e-003
1.754999999999994e+001	1.384771e-003
1.755999999999995e+001	1.384771e-003
1.756999999999995e+001	1.384771e-003
1.757999999999995e+001	1.384771e-003
1.758999999999995e+001	1.384771e-003
1.759999999999995e+001	1.384771e-003
1.760999999999995e+001	1.384771e-003
1.761999999999996e+001	1.384771e-003
1.762999999999996e+001	1.384771e-003
1.763999999999996e+001	1.384771e-003
1.764999999999996e+001	1.384771e-003
1.765999999999996e+001	1.384771e-003
1.766999999999996e+001	1.384771e-003
1.767999999999996e+001	1.384771e-003
1.768999999999997e+001	1.384771e-003
1.769999999999997e+001	1.384771e-003
1.770999999999997e+001	1.384771e-003
1.771999999999997e+001	1.384771e-003
1.772999999999997e+001	1.384771e-003
1.773999999999997e+001	1.384771e-003
1.774999999999998e+001	1.384771e-003
1.775999999999998e+001	1.384771e-003
1.776999999999998e+001	1.384771e-003
1.777999999999998e+001	1.384771e-003
1.778999999999998e+001	1.384771e-003
1.779999999999998e+001	1.384771e-003
1.780999999999999e+001	1.384771e-003
1.781999999999999e+001	1.384771e-003
1.782999999999999e+001	1.384771e-003
1.783999999999999e+001	1.384771e-003
1.784999999999999e+001	1.384771e-003
1.785999999999999e+001	1.384771e-003
1.786999999999999e+001	1.384771e-003
1.788000000000000e+001	1.384771e-003
1.789000000000000e+001	1.384771e-003
1.790000000000000e+001	1.384771e-003
1.791000000000000e+001	1.384771e-003
1.792000000000000e+001	1.384771e-003
1.793000000000000e+001	1.384771e-003
1.794000000000001e+001	1.384771e-003
1.795000000000001e+001	1.384771e-003
1.796000000000001e+001	1.384771e-003
1.797000000000001e+001	1.384771e-003
1.798000000000001e+001	1.384771e-003
1.799000000000001e+001	1.384771e-003
1.800000000000000e+001	1.384771e-003