Parte2
1.5435881771042625
1.4849682784436173
1.4268682239904906
1.3692415640037725
1.3120680388224888
1.2553556847636067
1.1991416523176244
1.143491586692202
1.0884975011855893
1.0342741845166437
0.9809543121693794
0.9286825601107296
0.8776091246048165
0.8278831139177686
0.7796462835571494
0.7330275345374233
0.6881384939170558
0.6450703672903785
0.6038921165750962
0.5646498940731586
0.5273675701746097
0.49204813413446225
0.45867572458085376
0.42721805293128423
0.39762901007406226
0.3698512855010255
0.3438188707947131
0.31945936027615174
0.29669599718991424
0.2754494424018461
0.25563926395791364
0.23718516062173456
0.22000794174372412
0.20403029072606216
0.18917734108835152
0.1753770937044281
0.16256070196953645
0.15066264907314494
0.13962083862809363
0.12937661693402241
0.11987474231654975
0.11106331438894398
0.10289367378043861
0.0953202808782648
0.08830058042955304
0.08179485742170099
0.07576608847638784
0.07017979202185361
0.06500387971954392
0.06020851098622395
0.05576595194554312
0.05165043974139757
0.04783805283007746
0.0443065876228658
0.04103544166193336
0.03800550336880876
0.03519904829723166
0.032599641743279936
0.030192047509251512
0.027962142578959903
0.02589683743695035
0.02398400174950492
0.022212395118701003
0.020571602620222368
0.019051974839538313
0.01764457212825136
0.016341112811887302
0.01513392509144198
0.014015902393022264
0.012980461932482371
0.012021506274743287
0.011133387680222824
0.010310875043338741
0.00954912324021679
0.008843644714479508
0.008190283141217298
0.00758518901994058
0.007024797057441436
0.006505805211061384
0.0060251552718665466
0.005580014875687713
0.005167760837905167
0.004785963715268386
0.004432373504962322
0.00410490639758665
0.003801632506730439
0.0035207645034241847
0.003260647088960675
0.0030197472444189175
0.0027966451997250394
0.002590026069262545
0.00239867210492396
0.0022214555210955575
0.0020573318494065177
0.001905333784171907
0.0017645654823309751
0.0016341972843454111
0.0015134608249912267
0.0014016445052656033
0.0012980892987510357
0.0012021848677437543
0.0011133659662745255
0.001031109108836714
0.0009549294851994414
0.000884378103131719
0.0008190391422046298
0.0007585275030811847
0.0007024865378544491
0.000650585948060572
0.0006025198379809052
0.0005580049117619333
0.0005167788037289853
0.00047859853205427667
0.00044323906666657325
0.00041049200296285467
0.0003801643335057326
0.0003520773104677546
0.0003260653921184225
0.0003019752671450506
0.00027966495105718553
0.0002590029493491512
0.0002398674824886829
0.000222145768163961
0.00020573335655881756
0.0001905335147383813
0.00017645665651689227
0.00016341981444743312
0.0001513461508216013
0.00014016450479704235
0.00012980897298368467
0.00012021852101674222
0.00011133662382713415
0.00010311093248914838