Parte1
1.567654737283269
1.5674041170328936
1.5671335036571057
1.5668413022388168
1.5665257906359389
1.566185109334521
1.5658172504930692
1.5654200461137047
1.5649911552707076
1.5645280503215264
1.5640280020194108
1.5634880634404753
1.5629050526311483
1.5622755338746013
1.5615957974668355
1.5608618378846044
1.5600693302182278
1.5592136047325695
1.5582896194089926
1.5572919303099022
1.5562146595955602
1.5550514610101267
1.5537954826404001
1.552439326736414
1.5509750063679875
1.5493938986754863
1.5476866944565286
1.5458433438132322
1.543852997566992
1.5417039441298888
1.5393835415039256
1.5368781440617192
1.534173023745549
1.531252285306375
1.5280987751914459
1.524693983679471
1.521017939857412
1.5170490990345173
1.5127642221995279
1.5081382471488063
1.5031441509501475
1.4977528034635912
1.4919328117223578
1.4856503550909927
1.4788690112725458
1.4715495734427386
1.463649859059554
1.4551245112471936
1.4459247941028708
1.4359983838458508
1.425289158447027
1.4137369892745195
1.4012775394008432
1.3878420745776967
1.373357294535052
1.357745194240649
1.3409229670978535
1.3228029647857507
1.3032927315551421
1.2822951342514042
1.259708613048521
1.2354275816768965
1.209343009529579
1.181343221012933
1.1513149492674746
1.119144681119988
1.0847203268320613
1.0479332407078883
1.0086806056752071
0.9668681754447116
0.9224133411048255
0.8752484551867028
0.8253243068371359
0.7726136000389501
0.717114248105278
0.6588522690185504
0.597884055551365
0.5342978086644962
0.4682139665147038
0.3997845331792009
0.32919130264429947
0.256643069838682
0.182372002785765
0.1066294006096223
0.02968107020061839
-0.04819747995159021
-0.12672589437277784
-0.20562381143658476
-0.28461568396558007
-0.36343559351347954
-0.44183204992736325
-0.5195727098108833
-0.5964488727364233
-0.6722795468313432
-0.7469148375478339
-0.8202384177319685
-0.8921688839872682
-0.9626598830948734
-1.0316989855080632
-1.0993053723078237
-1.1655264730815895
-1.230433737337382
-1.294117740798074
-1.3566828253767014
-1.41824145616859
-1.4789084595162103
-1.5387952910024711