time	V(vc_vo)
0.000000000000000e+000	1.968907e+001
7.567203653607857e-006	1.967653e+001
2.270161096082357e-005	1.964272e+001
5.297042557525500e-005	1.953665e+001
1.068222710751965e-004	1.923252e+001
1.868222710751932e-004	1.855583e+001
2.668222710751900e-004	1.762876e+001
3.468222710751867e-004	1.646295e+001
4.268222710751835e-004	1.510648e+001
5.068222710751802e-004	1.361804e+001
5.868222710751769e-004	1.206639e+001
6.668222710751737e-004	1.052879e+001
7.468222710751704e-004	9.088698e+000
8.268222710751672e-004	7.832595e+000
9.068222710751639e-004	6.846046e+000
9.868222710751606e-004	6.209073e+000
1.066822271075157e-003	5.991218e+000
1.146822271075154e-003	6.246760e+000
1.226822271075151e-003	7.010381e+000
1.306822271075148e-003	8.293268e+000
1.386822271075144e-003	1.007910e+001
1.466822271075141e-003	1.231692e+001
1.546822271075138e-003	1.489438e+001
1.626822271075135e-003	1.757814e+001
1.660562879788441e-003	1.848833e+001
1.699232993023436e-003	1.912211e+001
1.708422631530232e-003	1.921001e+001
1.719143868436163e-003	1.928027e+001
1.730724537655687e-003	1.934392e+001
1.748432804960204e-003	1.942329e+001
1.771569069327877e-003	1.950604e+001
1.797645704678164e-003	1.957787e+001
1.833996210045402e-003	1.964978e+001
1.873089733801625e-003	1.968290e+001
1.926256045935687e-003	1.963136e+001
1.984539355931320e-003	1.943060e+001
2.049882851864082e-003	1.900785e+001
2.129882851864079e-003	1.823393e+001
2.209882851864076e-003	1.721030e+001
2.289882851864072e-003	1.596432e+001
2.369882851864069e-003	1.454838e+001
2.449882851864066e-003	1.302520e+001
2.529882851864063e-003	1.146704e+001
2.609882851864059e-003	9.953971e+000
2.689882851864056e-003	8.571142e+000
2.769882851864053e-003	7.405354e+000
2.849882851864050e-003	6.540785e+000
2.929882851864046e-003	6.054204e+000
3.009882851864043e-003	6.010043e+000
3.089882851864040e-003	6.455738e+000
3.169882851864037e-003	7.417569e+000
3.249882851864033e-003	8.896852e+000
3.329882851864030e-003	1.086544e+001
3.409882851864027e-003	1.325527e+001
3.489882851864024e-003	1.592193e+001
3.549149953000014e-003	1.789010e+001
3.577711790006766e-003	1.864724e+001
3.597292019673959e-003	1.897818e+001
3.604980880645092e-003	1.906375e+001
3.615143960488176e-003	1.915322e+001
3.626321748249090e-003	1.923623e+001
3.638866908314858e-003	1.931309e+001
3.655408773022117e-003	1.939569e+001
3.673367778440462e-003	1.946730e+001
3.699306950466247e-003	1.954828e+001
3.727681281935846e-003	1.961563e+001
3.765827862507259e-003	1.967317e+001
3.807922078619158e-003	1.967886e+001
3.861302631357200e-003	1.957621e+001
3.920429180371277e-003	1.930942e+001
3.985892632482530e-003	1.881623e+001
4.065892632482526e-003	1.796282e+001
4.145892632482523e-003	1.687045e+001
4.225892632482520e-003	1.556992e+001
4.305892632482516e-003	1.411637e+001
4.385892632482513e-003	1.257544e+001
4.465892632482510e-003	1.102194e+001
4.545892632482507e-003	9.537691e+000
4.625892632482503e-003	8.208704e+000
4.705892632482500e-003	7.121480e+000
4.785892632482497e-003	6.358559e+000
4.865892632482494e-003	5.993645e+000
4.945892632482490e-003	6.086720e+000
5.025892632482487e-003	6.679519e+000
5.105892632482484e-003	7.791513e+000
5.185892632482481e-003	9.416065e+000
5.265892632482477e-003	1.151530e+001
5.345892632482474e-003	1.400481e+001
5.425892632482471e-003	1.671549e+001
5.470061892749401e-003	1.816070e+001
5.490816083145611e-003	1.869360e+001
5.502763271338973e-003	1.889644e+001
5.509644946844333e-003	1.898055e+001
5.518928273595430e-003	1.907486e+001
5.530185321982989e-003	1.917173e+001
5.541497545374641e-003	1.925211e+001
5.557298769125418e-003	1.934367e+001
5.572850691643677e-003	1.941584e+001
5.597149564904869e-003	1.950419e+001
5.622372858840347e-003	1.957482e+001
5.660004910646416e-003	1.964966e+001
5.699346852837323e-003	1.968386e+001
5.749676966088718e-003	1.963539e+001
5.810256304737638e-003	1.942757e+001
5.874964680138373e-003	1.901046e+001
5.954964680138369e-003	1.823660e+001
6.034964680138366e-003	1.721327e+001
6.114964680138363e-003	1.596723e+001
6.194964680138360e-003	1.455083e+001
6.274964680138356e-003	1.302682e+001
6.354964680138353e-003	1.146748e+001
6.434964680138350e-003	9.952917e+000
6.514964680138347e-003	8.568336e+000
6.594964680138343e-003	7.400618e+000
6.674964680138340e-003	6.534036e+000
6.754964680138337e-003	6.045467e+000
6.834964680138334e-003	5.999459e+000
6.914964680138330e-003	6.443564e+000
6.994964680138327e-003	7.404182e+000
7.074964680138324e-003	8.882736e+000
7.154964680138320e-003	1.085120e+001
7.234964680138317e-003	1.324165e+001
7.314964680138314e-003	1.590975e+001
7.374565149420753e-003	1.789013e+001
7.403163737798840e-003	1.864857e+001
7.422565373152334e-003	1.897749e+001
7.429425174827670e-003	1.905435e+001
7.439998770797957e-003	1.914849e+001
7.450569368605692e-003	1.922793e+001
7.464290569235282e-003	1.931236e+001
7.481774153511311e-003	1.939935e+001
7.500985130847931e-003	1.947412e+001
7.531923255380602e-003	1.956663e+001
7.561442438019372e-003	1.963149e+001
7.602341203730073e-003	1.968127e+001
7.645899218011842e-003	1.966653e+001
7.701840771827784e-003	1.951889e+001
7.768258084117213e-003	1.915736e+001
7.839053854111239e-003	1.854873e+001
7.919053854111235e-003	1.760743e+001
7.999053854111232e-003	1.643589e+001
8.079053854111229e-003	1.507410e+001
8.159053854111226e-003	1.358105e+001
8.239053854111222e-003	1.202578e+001
8.319053854111219e-003	1.048588e+001
8.399053854111216e-003	9.045051e+000
8.479053854111213e-003	7.790024e+000
8.559053854111209e-003	6.806521e+000
8.639053854111206e-003	6.174632e+000
8.719053854111203e-003	5.963858e+000
8.799053854111200e-003	6.228323e+000
8.879053854111196e-003	7.002439e+000
8.959053854111193e-003	8.297008e+000
9.039053854111190e-003	1.009519e+001
9.119053854111187e-003	1.234526e+001
9.199053854111183e-003	1.493277e+001
9.279053854111180e-003	1.761687e+001
9.312423872063852e-003	1.851280e+001
9.349432104592742e-003	1.911887e+001
9.356399878071214e-003	1.918688e+001
9.366807186374310e-003	1.925816e+001
9.377903386953074e-003	1.932227e+001
9.397049913670547e-003	1.941175e+001
9.420866009574619e-003	1.949946e+001
9.448671827258004e-003	1.957681e+001
9.487247136321653e-003	1.965210e+001
9.527836529119454e-003	1.968461e+001
9.577365598621879e-003	1.962964e+001
9.642156768044724e-003	1.939627e+001
9.703463520790989e-003	1.899063e+001
9.783463520790986e-003	1.820311e+001
9.863463520790983e-003	1.717056e+001
9.943463520790979e-003	1.591704e+001
1.002346352079098e-002	1.449530e+001
1.010346352079097e-002	1.296848e+001
1.018346352079097e-002	1.140921e+001
1.026346352079097e-002	9.897836e+000
1.034346352079096e-002	8.519726e+000
1.042346352079096e-002	7.361749e+000
1.050346352079096e-002	6.508002e+000
1.058346352079095e-002	6.034998e+000
1.066346352079095e-002	6.006734e+000
1.074346352079095e-002	6.470046e+000
1.082346352079094e-002	7.450463e+000
1.090346352079094e-002	8.948393e+000
1.098346352079094e-002	1.093457e+001
1.106346352079093e-002	1.333914e+001
1.114346352079093e-002	1.601667e+001
1.119854115912822e-002	1.785781e+001
1.122649775227233e-002	1.860003e+001
1.125115101495008e-002	1.901412e+001
1.125811969033438e-002	1.908983e+001
1.126877149232192e-002	1.917859e+001
1.127942080355840e-002	1.925359e+001
1.129360298264609e-002	1.933492e+001
1.131421923841500e-002	1.943002e+001
1.133352767588011e-002	1.949981e+001
1.136277255632684e-002	1.958092e+001
1.139426988947953e-002	1.964450e+001
1.143516733883243e-002	1.968500e+001
1.147951661703606e-002	1.965113e+001
1.154386204221086e-002	1.944345e+001
1.161071951834355e-002	1.902625e+001
1.169010275181445e-002	1.826899e+001
1.177010275181445e-002	1.725373e+001
1.185010275181445e-002	1.601466e+001
1.193010275181444e-002	1.460320e+001
1.201010275181444e-002	1.308174e+001
1.209010275181444e-002	1.152229e+001
1.217010275181443e-002	1.000470e+001
1.225010275181443e-002	8.614091e+000
1.233010275181443e-002	7.437348e+000
1.241010275181442e-002	6.558927e+000
1.249010275181442e-002	6.056051e+000
1.257010275181442e-002	5.993785e+000
1.265010275181441e-002	6.420351e+000
1.273010275181441e-002	7.362948e+000
1.281010275181441e-002	8.823937e+000
1.289010275181440e-002	1.077641e+001
1.297010275181440e-002	1.315416e+001
1.305010275181440e-002	1.581348e+001
1.311398980420550e-002	1.794410e+001
1.313977474007505e-002	1.862870e+001
1.316048011571097e-002	1.897909e+001
1.316697139783110e-002	1.905255e+001
1.317730086775967e-002	1.914497e+001
1.318728020371457e-002	1.922077e+001
1.320072576192280e-002	1.930534e+001
1.321550891840204e-002	1.938043e+001
1.323987662395165e-002	1.947812e+001
1.326204903175399e-002	1.954697e+001
1.329605633203582e-002	1.962522e+001
1.333226122482170e-002	1.967322e+001
1.338423556295820e-002	1.966554e+001
1.343130845310311e-002	1.955649e+001
1.349387014025574e-002	1.924240e+001
1.356180103810536e-002	1.869765e+001
1.364180103810536e-002	1.780378e+001
1.372180103810536e-002	1.667471e+001
1.380180103810536e-002	1.534554e+001
1.388180103810535e-002	1.387319e+001
1.396180103810535e-002	1.232488e+001
1.404180103810535e-002	1.077670e+001
1.412180103810534e-002	9.311380e+000
1.420180103810534e-002	8.015305e+000
1.428180103810534e-002	6.974670e+000
1.436180103810533e-002	6.270947e+000
1.444180103810533e-002	5.975976e+000
1.452180103810533e-002	6.147111e+000
1.460180103810532e-002	6.822779e+000
1.468180103810532e-002	8.018528e+000
1.476180103810532e-002	9.723119e+000
1.484180103810531e-002	1.189231e+001
1.492180103810531e-002	1.442984e+001
1.500180103810531e-002	1.715794e+001
1.503483445429263e-002	1.822624e+001
1.505327530581463e-002	1.869217e+001
1.506372289255392e-002	1.887115e+001
1.507032495892427e-002	1.895463e+001
1.507894975667326e-002	1.904662e+001
1.508918704747120e-002	1.913964e+001
1.510065675415204e-002	1.922692e+001
1.511301668323342e-002	1.930424e+001
1.512998390788900e-002	1.939046e+001
1.514774814851852e-002	1.946236e+001
1.517406788521997e-002	1.954544e+001
1.520254724566580e-002	1.961357e+001
1.524175014031101e-002	1.967295e+001
1.528407041822202e-002	1.967902e+001
1.533639847990240e-002	1.957889e+001
1.539553599735827e-002	1.931316e+001
1.546101611080902e-002	1.882178e+001
1.554101611080902e-002	1.797049e+001
1.562101611080902e-002	1.687992e+001
1.570101611080901e-002	1.558079e+001
1.578101611080901e-002	1.412817e+001
1.586101611080901e-002	1.258762e+001
1.594101611080900e-002	1.103390e+001
1.602101611080900e-002	9.548780e+000
1.610101611080900e-002	8.218267e+000
1.618101611080899e-002	7.128878e+000
1.626101611080899e-002	6.363201e+000
1.634101611080899e-002	5.995031e+000
1.642101611080898e-002	6.084475e+000
1.650101611080898e-002	6.673424e+000
1.658101611080898e-002	7.781532e+000
1.666101611080897e-002	9.402375e+000
1.674101611080897e-002	1.149834e+001
1.682101611080897e-002	1.398550e+001
1.690101611080896e-002	1.669875e+001
1.694320709745320e-002	1.809263e+001
1.696437040656854e-002	1.864795e+001
1.697927191145904e-002	1.890770e+001
1.698538932012850e-002	1.898305e+001
1.699475700106076e-002	1.907735e+001
1.700612922907810e-002	1.917477e+001
1.701708288370379e-002	1.925259e+001
1.703175368781618e-002	1.933803e+001
1.704720480671385e-002	1.941070e+001
1.707002679387928e-002	1.949556e+001
1.709459383023004e-002	1.956643e+001
1.713027425454253e-002	1.964142e+001
1.716844044924698e-002	1.968076e+001
1.722042911523986e-002	1.964713e+001
1.727341218404777e-002	1.948257e+001
1.734689771395001e-002	1.903529e+001
1.742079675650743e-002	1.834941e+001
1.750079675650743e-002	1.735095e+001
1.758079675650742e-002	1.612964e+001
1.766079675650742e-002	1.473105e+001
1.774079675650742e-002	1.321666e+001
1.782079675650741e-002	1.165768e+001
1.790079675650741e-002	1.013338e+001
1.798079675650741e-002	8.728501e+000
1.806079675650740e-002	7.529933e+000
1.814079675650740e-002	6.622501e+000
1.822079675650740e-002	6.084240e+000
1.830079675650739e-002	5.981448e+000
1.838079675650739e-002	6.363976e+000
1.846079675650739e-002	7.261000e+000
1.854079675650738e-002	8.677193e+000
1.862079675650738e-002	1.058843e+001
1.870079675650738e-002	1.293269e+001
1.878079675650737e-002	1.555902e+001
1.886079675650737e-002	1.814988e+001
1.888684494851894e-002	1.879417e+001
1.889848944025263e-002	1.896962e+001
1.890957664412252e-002	1.908562e+001
1.892017436013976e-002	1.917660e+001
1.893136067888396e-002	1.925538e+001
1.894728276857563e-002	1.934721e+001
1.896255153421173e-002	1.941797e+001
1.898573689035576e-002	1.950249e+001
1.901058788395971e-002	1.957269e+001
1.904691472449824e-002	1.964654e+001
1.908566789721047e-002	1.968269e+001
1.913690182735073e-002	1.964035e+001
1.919361061884423e-002	1.945430e+001
1.926178040870000e-002	1.902477e+001
1.934178040869999e-002	1.826239e+001
1.942178040869999e-002	1.724639e+001
1.950178040869999e-002	1.600645e+001
1.958178040869998e-002	1.459461e+001
1.966178040869998e-002	1.307327e+001
1.974178040869998e-002	1.151448e+001
1.982178040869997e-002	9.998080e+000
1.990178040869997e-002	8.609167e+000
1.998178040869997e-002	7.434582e+000
2.006178040869996e-002	6.558700e+000
2.014178040869996e-002	6.058640e+000
2.022178040869996e-002	5.999338e+000
2.030178040869995e-002	6.428865e+000
2.038178040869995e-002	7.374262e+000
2.046178040869995e-002	8.837712e+000
2.054178040869994e-002	1.079212e+001
2.062178040869994e-002	1.317099e+001
2.070178040869994e-002	1.583050e+001
2.076505416029431e-002	1.792053e+001
2.079421496563569e-002	1.868660e+001
2.081100144451362e-002	1.896768e+001
2.081834131676355e-002	1.904961e+001
2.082893582337639e-002	1.914500e+001
2.083962024844704e-002	1.922590e+001
2.085332356522973e-002	1.931090e+001
2.087023329228485e-002	1.939569e+001
2.088978075027798e-002	1.947255e+001
2.091914986638493e-002	1.956148e+001
2.094947846520148e-002	1.962883e+001
2.099149544598464e-002	1.968088e+001
2.103508976834159e-002	1.966715e+001
2.108991452663100e-002	1.952417e+001
2.115614627459414e-002	1.916684e+001
2.122681336658688e-002	1.856374e+001
2.130681336658688e-002	1.762729e+001
2.138681336658688e-002	1.646001e+001
2.146681336658687e-002	1.510155e+001
2.154681336658687e-002	1.361068e+001
2.162681336658687e-002	1.205625e+001
2.170681336658686e-002	1.051569e+001
2.178681336658686e-002	9.072605e+000
2.186681336658686e-002	7.813661e+000
2.194681336658685e-002	6.824616e+000
2.202681336658685e-002	6.185688e+000
2.210681336658685e-002	5.966597e+000
2.218681336658684e-002	6.221779e+000
2.226681336658684e-002	6.986034e+000
2.234681336658684e-002	8.270634e+000
2.242681336658683e-002	1.005930e+001
2.250681336658683e-002	1.230107e+001
2.258681336658683e-002	1.488359e+001
2.266681336658682e-002	1.755434e+001
2.270373818340185e-002	1.854242e+001
2.273921720860431e-002	1.912000e+001
2.274654561201489e-002	1.919031e+001
2.275696992790030e-002	1.926144e+001
2.276819913960315e-002	1.932588e+001
2.278773039765000e-002	1.941650e+001
2.281105170547670e-002	1.950164e+001
2.283975113510336e-002	1.958074e+001
2.287736108701538e-002	1.965301e+001
2.291912827235604e-002	1.968482e+001
2.296771513157425e-002	1.963155e+001
2.302753673187138e-002	1.941911e+001
2.309032660191571e-002	1.900993e+001
2.317032660191570e-002	1.823311e+001
2.325032660191570e-002	1.720882e+001
2.333032660191570e-002	1.596205e+001
2.341032660191569e-002	1.454521e+001
2.349032660191569e-002	1.302105e+001
2.357032660191569e-002	1.146192e+001
2.365032660191568e-002	9.947920e+000
2.373032660191568e-002	8.564274e+000
2.381032660191568e-002	7.397844e+000
2.389032660191567e-002	6.532872e+000
2.397032660191567e-002	6.046180e+000
2.405032660191567e-002	6.002242e+000
2.413032660191566e-002	6.448521e+000
2.421032660191566e-002	7.411308e+000
2.429032660191566e-002	8.891910e+000
2.437032660191565e-002	1.086216e+001
2.445032660191565e-002	1.325391e+001
2.453032660191565e-002	1.592274e+001
2.458938322433715e-002	1.788624e+001
2.461790615549783e-002	1.864314e+001
2.463780166803550e-002	1.898053e+001
2.464461616599814e-002	1.905676e+001
2.465519682187953e-002	1.915056e+001
2.466570786656361e-002	1.922920e+001
2.467968205906052e-002	1.931482e+001
2.469692076751759e-002	1.940018e+001
2.471665793389874e-002	1.947663e+001
2.474680739307528e-002	1.956642e+001
2.477724970716047e-002	1.963265e+001
2.481906630558992e-002	1.968199e+001
2.486285498462851e-002	1.966394e+001
2.491925264600778e-002	1.950828e+001
2.498736037302113e-002	1.912665e+001
2.505908274641472e-002	1.849678e+001
2.513908274641472e-002	1.754006e+001
2.521908274641471e-002	1.635493e+001
2.529908274641471e-002	1.498299e+001
2.537908274641471e-002	1.348389e+001
2.545908274641470e-002	1.192727e+001
2.553908274641470e-002	1.039117e+001
2.561908274641470e-002	8.959601e+000
2.569908274641469e-002	7.719343e+000
2.577908274641469e-002	6.755899e+000
2.585908274641469e-002	6.148823e+000
2.593908274641468e-002	5.966780e+000
2.601908274641468e-002	6.262771e+000
2.609908274641468e-002	7.069820e+000
2.617908274641467e-002	8.397103e+000
2.625908274641467e-002	1.022586e+001
2.633908274641467e-002	1.250172e+001
2.641908274641466e-002	1.510260e+001
2.649908274641466e-002	1.777623e+001
2.652904129762235e-002	1.856342e+001
2.656336923573360e-002	1.910734e+001
2.657094609168439e-002	1.918096e+001
2.658142516017828e-002	1.925395e+001
2.659242029621706e-002	1.931801e+001
2.661332114967302e-002	1.941663e+001
2.663370895659969e-002	1.949208e+001
2.666600958098575e-002	1.958234e+001
2.669870910351416e-002	1.964611e+001
2.674563210122305e-002	1.968446e+001
2.679033921112792e-002	1.963986e+001
2.684994339937613e-002	1.943460e+001
2.691238487572784e-002	1.903738e+001
2.699238487572783e-002	1.827262e+001
2.707238487572783e-002	1.725920e+001
2.715238487572783e-002	1.602124e+001
2.723238487572782e-002	1.461067e+001
2.731238487572782e-002	1.308978e+001
2.739238487572782e-002	1.153054e+001
2.747238487572781e-002	1.001277e+001
2.755238487572781e-002	8.621526e+000
2.763238487572781e-002	7.443693e+000
2.771238487572780e-002	6.563728e+000
2.779238487572780e-002	6.058889e+000
2.787238487572780e-002	5.994297e+000
2.795238487572779e-002	6.418260e+000
2.803238487572779e-002	7.358084e+000
2.811238487572779e-002	8.816259e+000
2.819238487572778e-002	1.076605e+001
2.827238487572778e-002	1.314149e+001
2.835238487572778e-002	1.579891e+001
2.841702546570984e-002	1.795142e+001
2.844293107411003e-002	1.864017e+001
2.846205452354592e-002	1.896586e+001
2.846849477310079e-002	1.903967e+001
2.847880217312240e-002	1.913391e+001
2.848915156035359e-002	1.921386e+001
2.850334339122895e-002	1.930399e+001
2.851879511082106e-002	1.938335e+001
2.853943710071841e-002	1.946677e+001
2.856528093776156e-002	1.954754e+001
2.859811471768331e-002	1.962312e+001
2.863915055794492e-002	1.967776e+001
2.868445514427287e-002	1.966995e+001
2.873576253244667e-002	1.954785e+001
2.879940323299027e-002	1.922425e+001
2.886803919260950e-002	1.866500e+001
2.894803919260949e-002	1.776025e+001
2.902803919260949e-002	1.662131e+001
2.910803919260949e-002	1.528447e+001
2.918803919260948e-002	1.380712e+001
2.926803919260948e-002	1.225689e+001
2.934803919260948e-002	1.071023e+001
2.942803919260947e-002	9.250087e+000
2.950803919260947e-002	7.962944e+000
2.958803919260947e-002	6.934907e+000
2.966803919260946e-002	6.247162e+000
2.974803919260946e-002	5.971036e+000
2.982803919260946e-002	6.163165e+000
2.990803919260945e-002	6.861078e+000
2.998803919260945e-002	8.079263e+000
3.006803919260945e-002	9.805232e+000
3.014803919260944e-002	1.199310e+001
3.022803919260944e-002	1.454312e+001
3.030803919260944e-002	1.726477e+001
3.034267317806894e-002	1.835053e+001
3.036116654796447e-002	1.878105e+001
3.036894058258491e-002	1.889947e+001
3.038059474487836e-002	1.903138e+001
3.039158622881505e-002	1.913520e+001
3.040162427976650e-002	1.921331e+001
3.041436753157012e-002	1.929551e+001
3.042793380976916e-002	1.936744e+001
3.044668688090504e-002	1.944766e+001
3.046751153297417e-002	1.951823e+001
3.049739978116317e-002	1.959639e+001
3.053002785639380e-002	1.965670e+001
3.057045060431277e-002	1.968724e+001
3.061479790724911e-002	1.964307e+001
3.067281065902575e-002	1.944559e+001
3.073904264948929e-002	1.902550e+001
3.081904264948929e-002	1.826043e+001
3.089904264948928e-002	1.724364e+001
3.097904264948928e-002	1.600299e+001
3.105904264948928e-002	1.459055e+001
3.113904264948927e-002	1.306876e+001
3.121904264948927e-002	1.150969e+001
3.129904264948927e-002	9.993237e+000
3.137904264948926e-002	8.604502e+000
3.145904264948926e-002	7.430348e+000
3.153904264948926e-002	6.555156e+000
3.161904264948925e-002	6.056034e+000
3.169904264948925e-002	5.997893e+000
3.177904264948925e-002	6.428769e+000
3.185904264948924e-002	7.375647e+000
3.193904264948924e-002	8.840648e+000
3.201904264948924e-002	1.079659e+001
3.209904264948923e-002	1.317684e+001
3.217904264948923e-002	1.583761e+001
3.224186701440499e-002	1.792473e+001
3.226933986209776e-002	1.864791e+001
3.228988838102367e-002	1.899010e+001
3.229698475023426e-002	1.906835e+001
3.230744134791513e-002	1.915956e+001
3.231731954673722e-002	1.923279e+001
3.232990581450662e-002	1.931042e+001
3.234459588147257e-002	1.938471e+001
3.236473167992895e-002	1.946641e+001
3.238722000176722e-002	1.953798e+001
3.241926958739405e-002	1.961537e+001
3.245427144050639e-002	1.967013e+001
3.249776565733015e-002	1.968277e+001
3.254351500121061e-002	1.960759e+001
3.260234184085648e-002	1.936385e+001
3.266785019061788e-002	1.889958e+001
3.274785019061788e-002	1.807926e+001
3.282785019061787e-002	1.701546e+001
3.290785019061787e-002	1.573752e+001
3.298785019061787e-002	1.429924e+001
3.306785019061787e-002	1.276507e+001
3.314785019061786e-002	1.120879e+001
3.322785019061786e-002	9.711516e+000
3.330785019061786e-002	8.358939e+000
3.338785019061785e-002	7.237726e+000
3.346785019061785e-002	6.431158e+000
3.354785019061785e-002	6.014282e+000
3.362785019061784e-002	6.049005e+000
3.370785019061784e-002	6.579507e+000
3.378785019061784e-002	7.628171e+000
3.386785019061783e-002	9.191761e+000
3.394785019061783e-002	1.123660e+001
3.402785019061783e-002	1.368568e+001
3.410785019061782e-002	1.638696e+001
3.415134069263481e-002	1.786238e+001
3.417428459664398e-002	1.848381e+001
3.420531368023927e-002	1.902465e+001
3.421128276241486e-002	1.909220e+001
3.422172309138721e-002	1.917824e+001
3.423258669570384e-002	1.925410e+001
3.424782043657568e-002	1.934099e+001
3.426634584605842e-002	1.942572e+001
3.428851139187997e-002	1.950442e+001
3.432031693875146e-002	1.959036e+001
3.435439720996314e-002	1.965262e+001
3.440277143572920e-002	1.968362e+001
3.444666502585977e-002	1.963137e+001
3.450258690589933e-002	1.942843e+001
3.456621965148288e-002	1.901422e+001
3.464621965148287e-002	1.824051e+001
3.472621965148287e-002	1.721818e+001
3.480621965148287e-002	1.597295e+001
3.488621965148286e-002	1.455713e+001
3.496621965148286e-002	1.303341e+001
3.504621965148286e-002	1.147404e+001
3.512621965148285e-002	9.959102e+000
3.520621965148285e-002	8.573786e+000
3.528621965148285e-002	7.404973e+000
3.536621965148284e-002	6.536960e+000
3.544621965148284e-002	6.046662e+000
3.552621965148284e-002	5.998692e+000
3.560621965148283e-002	6.440681e+000
3.568621965148283e-002	7.399124e+000
3.576621965148283e-002	8.875557e+000
3.584621965148283e-002	1.084209e+001
3.592621965148282e-002	1.323101e+001
3.600621965148282e-002	1.589810e+001
3.606629846147988e-002	1.791319e+001
3.609150964152266e-002	1.858311e+001
3.611728909827300e-002	1.901552e+001
3.612369882763364e-002	1.908596e+001
3.613431820016266e-002	1.917494e+001
3.614458473281737e-002	1.924754e+001
3.616063749555101e-002	1.934039e+001
3.617747056004123e-002	1.941846e+001
3.620124626686294e-002	1.950415e+001
3.622948096066686e-002	1.958186e+001
3.626652638999170e-002	1.965234e+001
3.631012394912764e-002	1.968503e+001
3.635650331819890e-002	1.963437e+001
3.641502896392179e-002	1.942753e+001
3.647835304917077e-002	1.901795e+001
3.655835304917077e-002	1.824539e+001
3.663835304917076e-002	1.722432e+001
3.671835304917076e-002	1.598006e+001
3.679835304917076e-002	1.456487e+001
3.687835304917075e-002	1.304141e+001
3.695835304917075e-002	1.148189e+001
3.703835304917075e-002	9.966353e+000
3.711835304917074e-002	8.580002e+000
3.719835304917074e-002	7.409724e+000
3.727835304917074e-002	6.539854e+000
3.735835304917073e-002	6.047371e+000
3.743835304917073e-002	5.996972e+000
3.751835304917073e-002	6.436395e+000
3.759835304917072e-002	7.392259e+000
3.767835304917072e-002	8.866241e+000
3.775835304917072e-002	1.083062e+001
3.783835304917071e-002	1.321792e+001
3.791835304917071e-002	1.588403e+001
3.797904214229281e-002	1.791636e+001
3.800462342858996e-002	1.859757e+001
3.802837837772258e-002	1.899936e+001
3.803472173473363e-002	1.907016e+001
3.804526784322398e-002	1.916117e+001
3.805557714189103e-002	1.923638e+001
3.807063189821630e-002	1.932635e+001
3.808742638038007e-002	1.940718e+001
3.810924362222451e-002	1.948912e+001
3.813780846743967e-002	1.957148e+001
3.817176132327260e-002	1.964093e+001
3.821646733846248e-002	1.968428e+001
3.826106432817347e-002	1.964784e+001
3.832280584761003e-002	1.944551e+001
3.838801631178807e-002	1.903796e+001
3.846801631178806e-002	1.827728e+001
3.854801631178806e-002	1.726508e+001
3.862801631178806e-002	1.602804e+001
3.870801631178805e-002	1.461803e+001
3.878801631178805e-002	1.309734e+001
3.886801631178805e-002	1.153788e+001
3.894801631178804e-002	1.001944e+001
3.902801631178804e-002	8.627090e+000
3.910801631178804e-002	7.447732e+000
3.918801631178803e-002	6.565860e+000
3.926801631178803e-002	6.058800e+000
3.934801631178803e-002	5.991761e+000
3.942801631178802e-002	6.413160e+000
3.950801631178802e-002	7.350430e+000
3.958801631178802e-002	8.806205e+000
3.966801631178801e-002	1.075391e+001
3.974801631178801e-002	1.312783e+001
3.982801631178801e-002	1.578434e+001
3.989328563962521e-002	1.795997e+001
3.991864579355281e-002	1.863491e+001
3.993801500960242e-002	1.896525e+001
3.994433860518634e-002	1.903800e+001
3.995459352098005e-002	1.913205e+001
3.996478503043127e-002	1.921095e+001
3.997970624940478e-002	1.930599e+001
3.999419230085460e-002	1.938040e+001
4.001657164398265e-002	1.947077e+001
4.004015169109518e-002	1.954430e+001
4.007691304873609e-002	1.962857e+001
4.011405530984241e-002	1.967665e+001
4.016335412784447e-002	1.966548e+001
4.021278232940642e-002	1.954541e+001
4.027650820289958e-002	1.921669e+001
4.034522077266878e-002	1.865332e+001
4.042522077266877e-002	1.774474e+001
4.050522077266877e-002	1.660251e+001
4.058522077266877e-002	1.526317e+001
4.066522077266876e-002	1.378426e+001
4.074522077266876e-002	1.223357e+001
4.082522077266876e-002	1.068765e+001
4.090522077266875e-002	9.229546e+000
4.098522077266875e-002	7.945751e+000
4.106522077266875e-002	6.922333e+000
4.114522077266875e-002	6.240363e+000
4.122522077266874e-002	5.970980e+000
4.130522077266874e-002	6.170560e+000
4.138522077266874e-002	6.876312e+000
4.146522077266873e-002	8.102345e+000
4.154522077266873e-002	9.835724e+000
4.162522077266873e-002	1.202997e+001
4.170522077266872e-002	1.458408e+001
4.178522077266872e-002	1.730978e+001
4.181760743107238e-002	1.833013e+001
4.183571532391889e-002	1.875915e+001
4.184375372969923e-002	1.888620e+001
4.185296275824035e-002	1.899544e+001
4.186271211154888e-002	1.909321e+001
4.187264338218941e-002	1.917680e+001
4.188431952687124e-002	1.925893e+001
4.189712715366628e-002	1.933337e+001
4.191394760142705e-002	1.941293e+001
4.193288858438729e-002	1.948441e+001
4.195997358252121e-002	1.956431e+001
4.198959060677510e-002	1.962987e+001
4.202802695889304e-002	1.967975e+001
4.207094191944188e-002	1.967056e+001
4.212798643963267e-002	1.953111e+001
4.219170857527363e-002	1.919996e+001
4.226060705371823e-002	1.862651e+001
4.234060705371823e-002	1.770887e+001
4.242060705371822e-002	1.655884e+001
4.250060705371822e-002	1.521352e+001
4.258060705371822e-002	1.373084e+001
4.266060705371821e-002	1.217891e+001
4.274060705371821e-002	1.063455e+001
4.282060705371821e-002	9.180984e+000
4.290060705371820e-002	7.904758e+000
4.298060705371820e-002	6.891849e+000
4.306060705371820e-002	6.223069e+000
4.314060705371819e-002	5.969123e+000
4.322060705371819e-002	6.185794e+000
4.330060705371819e-002	6.909552e+000
4.338060705371818e-002	8.153633e+000
4.346060705371818e-002	9.904081e+000
4.354060705371818e-002	1.211306e+001
4.362060705371817e-002	1.467600e+001
4.370060705371817e-002	1.737344e+001
4.373830603946782e-002	1.848520e+001
4.375993924043553e-002	1.891932e+001
4.376669346026446e-002	1.900451e+001
4.377695029585696e-002	1.910352e+001
4.378924546768692e-002	1.920346e+001
4.380072821107622e-002	1.927979e+001
4.381791631562487e-002	1.937229e+001
4.383429412150533e-002	1.944269e+001
4.385970673064360e-002	1.952786e+001
4.388682321784945e-002	1.959737e+001
4.392593834975128e-002	1.966465e+001
4.396729467822144e-002	1.968382e+001
4.401787882512157e-002	1.961005e+001
4.407399256257924e-002	1.938982e+001
4.413742236236218e-002	1.895387e+001
4.421742236236217e-002	1.815324e+001
4.429742236236217e-002	1.710763e+001
4.437742236236217e-002	1.584378e+001
4.445742236236216e-002	1.441503e+001
4.453742236236216e-002	1.288503e+001
4.461742236236216e-002	1.132686e+001
4.469742236236216e-002	9.821176e+000
4.477742236236215e-002	8.453474e+000
4.485742236236215e-002	7.310545e+000
4.493742236236215e-002	6.476153e+000
4.501742236236214e-002	6.026208e+000
4.509742236236214e-002	6.023847e+000
4.517742236236214e-002	6.514814e+000
4.525742236236213e-002	7.523344e+000
4.533742236236213e-002	9.048345e+000
4.541742236236213e-002	1.105875e+001
4.549742236236212e-002	1.348184e+001
4.557742236236212e-002	1.616993e+001
4.562696709034994e-002	1.783350e+001
4.565422251887036e-002	1.855980e+001
4.568236633667094e-002	1.903163e+001
4.569054213903259e-002	1.911881e+001
4.570047810941808e-002	1.919777e+001
4.571179269441950e-002	1.927371e+001
4.572531773358962e-002	1.934875e+001
4.574298212163541e-002	1.942843e+001
4.576292359227757e-002	1.949989e+001
4.579135332234902e-002	1.957916e+001
4.582241458512079e-002	1.964285e+001
4.586157620613926e-002	1.968458e+001
4.590525285323502e-002	1.965681e+001
4.596948234186282e-002	1.945695e+001
4.604081453690592e-002	1.902115e+001
4.611503794659061e-002	1.832281e+001
4.619503794659061e-002	1.731681e+001
4.627503794659060e-002	1.608900e+001
4.635503794659060e-002	1.468559e+001
4.643503794659060e-002	1.316839e+001
4.651503794659059e-002	1.160889e+001
4.659503794659059e-002	1.008660e+001
4.667503794659059e-002	8.686411e+000
4.675503794659058e-002	7.495227e+000
4.683503794659058e-002	6.597768e+000
4.691503794659058e-002	6.071804e+000
4.699503794659057e-002	5.983217e+000
4.707503794659057e-002	6.381297e+000
4.715503794659057e-002	7.294535e+000
4.723503794659056e-002	8.726795e+000
4.731503794659056e-002	1.065298e+001
4.739503794659056e-002	1.300961e+001
4.747503794659055e-002	1.565306e+001
4.754652563628081e-002	1.800992e+001
4.757319616770758e-002	1.869768e+001
4.759110125061855e-002	1.898549e+001
4.759919459887002e-002	1.907313e+001
4.760973102518290e-002	1.916470e+001
4.761960784038805e-002	1.923739e+001
4.763166893313234e-002	1.931153e+001
4.764571846858406e-002	1.938275e+001
4.766520392318049e-002	1.946275e+001
4.768588132080540e-002	1.952995e+001
4.771696367722039e-002	1.960778e+001
4.774896086107147e-002	1.966354e+001
4.778846643960727e-002	1.968806e+001
4.783253254110007e-002	1.963685e+001
4.789132985634251e-002	1.942658e+001
4.795706106008615e-002	1.899845e+001
4.803706106008615e-002	1.822040e+001
4.811706106008615e-002	1.719266e+001
4.819706106008614e-002	1.594318e+001
4.827706106008614e-002	1.452450e+001
4.835706106008614e-002	1.299955e+001
4.843706106008613e-002	1.144075e+001
4.851706106008613e-002	9.928310e+000
4.859706106008613e-002	8.547474e+000
4.867706106008612e-002	7.385084e+000
4.875706106008612e-002	6.525289e+000
4.883706106008612e-002	6.044748e+000
4.891706106008611e-002	6.007707e+000
4.899706106008611e-002	6.461333e+000
4.907706106008611e-002	7.431574e+000
4.915706106008611e-002	8.919338e+000
4.923706106008610e-002	1.089598e+001
4.931706106008610e-002	1.329263e+001
4.939706106008610e-002	1.596452e+001
4.945429628783846e-002	1.787330e+001
4.948235639431006e-002	1.861250e+001
4.950714744547385e-002	1.902264e+001
4.951425314148902e-002	1.909867e+001
4.952495430510462e-002	1.918669e+001
4.953481893037168e-002	1.925561e+001
4.954828943032910e-002	1.933381e+001
4.956351348935140e-002	1.940611e+001
4.958500946244102e-002	1.948764e+001
4.960870362100991e-002	1.955796e+001
4.964215257973081e-002	1.963200e+001
4.967894233504711e-002	1.967835e+001
4.972642125841426e-002	1.966813e+001
4.977489227218718e-002	1.955177e+001
4.983974500154900e-002	1.921966e+001
4.990930859650936e-002	1.865104e+001
4.998930859650935e-002	1.774259e+001
5.006930859650938e-002	1.659981e+001
5.014930859650940e-002	1.526001e+001
5.022930859650943e-002	1.378079e+001
5.030930859650945e-002	1.222994e+001
5.038930859650947e-002	1.068402e+001
5.046930859650950e-002	9.226101e+000
5.054930859650952e-002	7.942666e+000
5.062930859650955e-002	6.919785e+000
5.070930859650957e-002	6.238515e+000
5.078930859650960e-002	5.969974e+000
5.086930859650962e-002	6.170503e+000
5.094930859650965e-002	6.877271e+000
5.102930859650967e-002	8.104337e+000
5.110930859650970e-002	9.838712e+000
5.118930859650972e-002	1.203384e+001
5.126930859650974e-002	1.458856e+001
5.134930859650977e-002	1.731503e+001
5.138135309295899e-002	1.831942e+001
5.140085816912787e-002	1.877509e+001
5.140940295960550e-002	1.890689e+001
5.141953794721149e-002	1.902258e+001
5.142990020718330e-002	1.912197e+001
5.143935870334360e-002	1.919806e+001
5.145032915795522e-002	1.927224e+001
5.146266706765645e-002	1.934164e+001
5.148048280032841e-002	1.942396e+001
5.149730061362556e-002	1.948628e+001
5.152577632390731e-002	1.956912e+001
5.155334877781076e-002	1.962938e+001
5.159455203243540e-002	1.968208e+001
5.163434320859778e-002	1.966985e+001
5.169816504873082e-002	1.949039e+001
5.177816504873084e-002	1.902032e+001
5.185381415486973e-002	1.831739e+001
5.193381415486975e-002	1.731127e+001
5.201381415486978e-002	1.608227e+001
5.209381415486980e-002	1.467794e+001
5.217381415486982e-002	1.316013e+001
5.225381415486985e-002	1.160042e+001
5.233381415486987e-002	1.007834e+001
5.241381415486990e-002	8.678824e+000
5.249381415486992e-002	7.488782e+000
5.257381415486995e-002	6.592924e+000
5.265381415486997e-002	6.068982e+000
5.273381415487000e-002	5.982774e+000
5.281381415487002e-002	6.383502e+000
5.289381415487005e-002	7.299542e+000
5.297381415487007e-002	8.734625e+000
5.305381415487009e-002	1.066349e+001
5.313381415487012e-002	1.302239e+001
5.321381415487014e-002	1.565126e+001
5.329381415487017e-002	1.816751e+001
5.332737308877616e-002	1.891538e+001
5.334381199937294e-002	1.911618e+001
5.335897235672182e-002	1.923540e+001
5.337572511388822e-002	1.933725e+001
5.339111974309718e-002	1.940986e+001
5.341842888870263e-002	1.950906e+001
5.344498226780287e-002	1.958109e+001
5.349252726470199e-002	1.966269e+001
5.353914864272480e-002	1.966138e+001
5.361914864272482e-002	1.944085e+001
5.369914864272485e-002	1.895164e+001
5.377914864272487e-002	1.817247e+001
5.385914864272490e-002	1.713165e+001
5.393914864272492e-002	1.587127e+001
5.401914864272495e-002	1.444451e+001
5.409914864272497e-002	1.291485e+001
5.417914864272500e-002	1.135527e+001
5.425914864272502e-002	9.846390e+000
5.433914864272504e-002	8.473726e+000
5.441914864272507e-002	7.324184e+000
5.449914864272509e-002	6.481733e+000
5.457914864272512e-002	6.022592e+000
5.465914864272514e-002	6.010290e+000
5.473914864272517e-002	6.491039e+000
5.481914864272519e-002	7.489602e+000
5.489914864272522e-002	9.005473e+000
5.497914864272524e-002	1.100827e+001
5.505914864272526e-002	1.342633e+001
5.513914864272529e-002	1.604354e+001
5.521914864272531e-002	1.830576e+001
5.527323355564451e-002	1.921851e+001
5.529541578373903e-002	1.938156e+001
5.531674003414561e-002	1.946801e+001
5.533880257511625e-002	1.953609e+001
5.537529004946307e-002	1.961478e+001
5.543782122149776e-002	1.966726e+001
5.549862076613116e-002	1.957402e+001
5.557862076613118e-002	1.919346e+001
5.565862076613121e-002	1.853396e+001
5.573862076613123e-002	1.759898e+001
5.581862076613126e-002	1.642553e+001
5.589862076613128e-002	1.506213e+001
5.597862076613130e-002	1.356790e+001
5.605862076613133e-002	1.201203e+001
5.613862076613135e-002	1.047221e+001
5.621862076613138e-002	9.032241e+000
5.629862076613140e-002	7.778913e+000
5.637862076613143e-002	6.797971e+000
5.645862076613145e-002	6.169478e+000
5.653862076613148e-002	5.962862e+000
5.661862076613150e-002	6.232118e+000
5.669862076613152e-002	7.011479e+000
5.677862076613155e-002	8.311525e+000
5.685862076613157e-002	1.011514e+001
5.693862076613160e-002	1.237015e+001
5.701862076613162e-002	1.496097e+001
5.709862076613165e-002	1.756498e+001
5.714417337179240e-002	1.872035e+001
5.717103726864375e-002	1.911099e+001
5.719283830388999e-002	1.928248e+001
5.721270724584576e-002	1.939035e+001
5.723322006957204e-002	1.947302e+001
5.726026724508904e-002	1.955334e+001
5.730886569944144e-002	1.964980e+001
5.735641877031911e-002	1.966426e+001
5.743641877031913e-002	1.947541e+001
5.751641877031916e-002	1.901818e+001
5.759641877031918e-002	1.826916e+001
5.767641877031920e-002	1.725492e+001
5.775641877031923e-002	1.601629e+001
5.783641877031925e-002	1.460526e+001
5.791641877031928e-002	1.308422e+001
5.799641877031930e-002	1.152520e+001
5.807641877031933e-002	1.000806e+001
5.815641877031935e-002	8.617899e+000
5.823641877031938e-002	7.441614e+000
5.831641877031940e-002	6.563643e+000
5.839641877031943e-002	6.061200e+000
5.847641877031945e-002	5.999332e+000
5.855641877031947e-002	6.426246e+000
5.863641877031950e-002	7.369127e+000
5.871641877031952e-002	8.830316e+000
5.879641877031955e-002	1.078288e+001
5.887641877031957e-002	1.316058e+001
5.895641877031960e-002	1.578806e+001
5.903641877031962e-002	1.816028e+001
5.908794357190417e-002	1.912808e+001
5.911026237726658e-002	1.932165e+001
5.913194843731479e-002	1.942485e+001
5.915669275520913e-002	1.951122e+001
5.919256934590172e-002	1.959549e+001
5.926432252728686e-002	1.965804e+001
5.932986371327370e-002	1.955066e+001
5.940986371327373e-002	1.915036e+001
5.948986371327375e-002	1.846790e+001
5.956986371327377e-002	1.751245e+001
5.964986371327380e-002	1.632202e+001
5.972986371327382e-002	1.494606e+001
5.980986371327385e-002	1.344459e+001
5.988986371327387e-002	1.188751e+001
5.996986371327390e-002	1.035310e+001
6.004986371327392e-002	8.925545e+000
6.012986371327395e-002	7.691670e+000
6.020986371327397e-002	6.736923e+000
6.028986371327400e-002	6.140656e+000
6.036986371327402e-002	5.971195e+000
6.044986371327404e-002	6.281075e+000
6.052986371327407e-002	7.102734e+000
6.060986371327409e-002	8.444647e+000
6.068986371327412e-002	1.028721e+001
6.076986371327414e-002	1.257483e+001
6.084986371327417e-002	1.518158e+001
6.092986371327419e-002	1.770468e+001
6.098185336772266e-002	1.889926e+001
6.100542576709434e-002	1.919004e+001
6.102793944211143e-002	1.933520e+001
6.105860428855070e-002	1.947011e+001
6.108884623725841e-002	1.956369e+001
6.112826160975526e-002	1.963814e+001
6.119224781466404e-002	1.965865e+001
6.125359125141228e-002	1.952080e+001
6.133359125141230e-002	1.907695e+001
6.141359125141233e-002	1.835702e+001
6.149359125141235e-002	1.736876e+001
6.157359125141237e-002	1.615176e+001
6.165359125141240e-002	1.475687e+001
6.173359125141242e-002	1.324539e+001
6.181359125141245e-002	1.168837e+001
6.189359125141247e-002	1.016491e+001
6.197359125141250e-002	8.759617e+000
6.205359125141252e-002	7.559287e+000
6.213359125141255e-002	6.648709e+000
6.221359125141257e-002	6.105951e+000
6.229359125141259e-002	5.997418e+000
6.237359125141262e-002	6.373146e+000
6.245359125141264e-002	7.262570e+000
6.253359125141267e-002	8.670692e+000
6.261359125141269e-002	1.057381e+001
6.269359125141272e-002	1.291049e+001
6.277359125141274e-002	1.553262e+001
6.285359125141277e-002	1.806108e+001
6.289040679186608e-002	1.890864e+001
6.290432452115335e-002	1.908984e+001
6.291833211615938e-002	1.920535e+001
6.293547015816187e-002	1.931529e+001
6.295300874901305e-002	1.940349e+001
6.297160837441146e-002	1.947543e+001
6.300359960689178e-002	1.957008e+001
6.303461017242656e-002	1.963513e+001
6.308338391311374e-002	1.968191e+001
6.313050985188390e-002	1.963038e+001
6.321050985188392e-002	1.930931e+001
6.329050985188395e-002	1.871973e+001
6.337050985188397e-002	1.784850e+001
6.345050985188400e-002	1.672945e+001
6.353050985188402e-002	1.540828e+001
6.361050985188405e-002	1.394145e+001
6.369050985188407e-002	1.239574e+001
6.377050985188409e-002	1.084688e+001
6.385050985188412e-002	9.377337e+000
6.393050985188414e-002	8.073355e+000
6.401050985188417e-002	7.021170e+000
6.409050985188419e-002	6.302493e+000
6.417050985188422e-002	5.989610e+000
6.425050985188424e-002	6.140527e+000
6.433050985188427e-002	6.794507e+000
6.441050985188429e-002	7.968102e+000
6.449050985188432e-002	9.651269e+000
6.457050985188434e-002	1.180132e+001
6.465050985188436e-002	1.432516e+001
6.473050985188439e-002	1.701108e+001
6.477826847582052e-002	1.834036e+001
6.482873969045822e-002	1.918158e+001
6.484449203282755e-002	1.931418e+001
6.485965011717032e-002	1.938937e+001
6.487745011989898e-002	1.945977e+001
6.490257780014097e-002	1.953588e+001
6.495283316062495e-002	1.964205e+001
6.499922903872646e-002	1.966613e+001
6.507922903872648e-002	1.949999e+001
6.515922903872651e-002	1.906791e+001
6.523922903872653e-002	1.834285e+001
6.531922903872656e-002	1.734955e+001
6.539922903872658e-002	1.612781e+001
6.547922903872661e-002	1.472872e+001
6.555922903872663e-002	1.321381e+001
6.563922903872665e-002	1.165440e+001
6.571922903872668e-002	1.012980e+001
6.579922903872670e-002	8.724858e+000
6.587922903872673e-002	7.526500e+000
6.595922903872675e-002	6.619604e+000
6.603922903872678e-002	6.082236e+000
6.611922903872680e-002	5.980705e+000
6.619922903872683e-002	6.364850e+000
6.627922903872685e-002	7.263813e+000
6.635922903872688e-002	8.682211e+000
6.643922903872690e-002	1.059583e+001
6.651922903872692e-002	1.294246e+001
6.659922903872695e-002	1.556996e+001
6.667922903872697e-002	1.801086e+001
6.673024491219776e-002	1.904959e+001
6.675237510837873e-002	1.927015e+001
6.677414806272741e-002	1.938740e+001
6.680213111868844e-002	1.949512e+001
6.683466646569802e-002	1.958087e+001
6.689973715971720e-002	1.966367e+001
6.696068732339922e-002	1.960337e+001
6.704068732339924e-002	1.926983e+001
6.712068732339926e-002	1.865596e+001
6.720068732339929e-002	1.776223e+001
6.728068732339931e-002	1.662362e+001
6.736068732339934e-002	1.528688e+001
6.744068732339936e-002	1.380944e+001
6.752068732339939e-002	1.225899e+001
6.760068732339941e-002	1.071201e+001
6.768068732339944e-002	9.251525e+000
6.776068732339946e-002	7.964059e+000
6.784068732339948e-002	6.935772e+000
6.792068732339951e-002	6.247903e+000
6.800068732339953e-002	5.971822e+000
6.808068732339956e-002	6.164201e+000
6.816068732339958e-002	6.862596e+000
6.824068732339961e-002	8.081506e+000
6.832068732339963e-002	9.808439e+000
6.840068732339966e-002	1.199746e+001
6.848068732339968e-002	1.454869e+001
6.856068732339971e-002	1.714741e+001
6.861896243294252e-002	1.862950e+001
6.866024229472423e-002	1.920767e+001
6.868940096958992e-002	1.939638e+001
6.871757081940072e-002	1.950569e+001
6.874630805301640e-002	1.958378e+001
6.879052055837448e-002	1.964583e+001
6.887052055837450e-002	1.959499e+001
6.894349885050177e-002	1.932553e+001
6.902349885050180e-002	1.874069e+001
6.910349885050182e-002	1.787979e+001
6.918349885050185e-002	1.676959e+001
6.926349885050187e-002	1.545539e+001
6.934349885050190e-002	1.399328e+001
6.942349885050192e-002	1.244972e+001
6.950349885050194e-002	1.090019e+001
6.958349885050197e-002	9.426964e+000
6.966349885050199e-002	8.116226e+000
6.974349885050202e-002	7.054290e+000
6.982349885050204e-002	6.323101e+000
6.990349885050207e-002	5.995357e+000
6.998349885050209e-002	6.129639e+000
7.006349885050212e-002	6.765928e+000
7.014349885050214e-002	7.921629e+000
7.022349885050216e-002	9.587694e+000
7.030349885050219e-002	1.172273e+001
7.038349885050221e-002	1.423610e+001
7.046349885050224e-002	1.684753e+001
7.052721589451777e-002	1.849458e+001
7.058291414801104e-002	1.928032e+001
7.060981067905758e-002	1.944449e+001
7.063551448919331e-002	1.953050e+001
7.066007434243921e-002	1.959108e+001
7.070919404893100e-002	1.966517e+001
7.076196085972886e-002	1.964873e+001
7.084196085972888e-002	1.939693e+001
7.092196085972891e-002	1.887127e+001
7.100196085972893e-002	1.805874e+001
7.108196085972895e-002	1.699001e+001
7.116196085972898e-002	1.570831e+001
7.124196085972900e-002	1.426771e+001
7.132196085972903e-002	1.273290e+001
7.140196085972905e-002	1.117787e+001
7.148196085972908e-002	9.683873e+000
7.156196085972910e-002	8.336649e+000
7.164196085972913e-002	7.222818e+000
7.172196085972915e-002	6.425493e+000
7.180196085972918e-002	6.019432e+000
7.188196085972920e-002	6.066138e+000
7.196196085972922e-002	6.609287e+000
7.204196085972925e-002	7.670667e+000
7.212196085972927e-002	9.246347e+000
7.220196085972930e-002	1.130180e+001
7.228196085972932e-002	1.375855e+001
7.236196085972935e-002	1.634035e+001
7.244196085972937e-002	1.843771e+001
7.250189789703498e-002	1.929930e+001
7.253417524724615e-002	1.948221e+001
7.256519539821588e-002	1.957258e+001
7.259568840104141e-002	1.963304e+001
7.264970184226288e-002	1.966081e+001
7.272970184226291e-002	1.950248e+001
7.280970184226293e-002	1.907323e+001
7.288970184226296e-002	1.835116e+001
7.296970184226298e-002	1.736089e+001
7.304970184226300e-002	1.614207e+001
7.312970184226303e-002	1.474564e+001
7.320970184226305e-002	1.323299e+001
7.328970184226308e-002	1.167526e+001
7.336970184226310e-002	1.015164e+001
7.344970184226313e-002	8.746812e+000
7.352970184226315e-002	7.547604e+000
7.360970184226318e-002	6.638825e+000
7.368970184226320e-002	6.098519e+000
7.376970184226322e-002	5.993033e+000
7.384970184226325e-002	6.372306e+000
7.392970184226327e-002	7.265637e+000
7.400970184226330e-002	8.677858e+000
7.408970184226332e-002	1.058505e+001
7.416970184226335e-002	1.292547e+001
7.424970184226337e-002	1.554915e+001
7.432970184226340e-002	1.799370e+001
7.438076208072181e-002	1.903317e+001
7.440615641915122e-002	1.928276e+001
7.443108967206852e-002	1.941098e+001
7.446449689438267e-002	1.952838e+001
7.450314499987154e-002	1.961140e+001
7.458044121084928e-002	1.963909e+001
7.465322273190467e-002	1.946227e+001
7.473322273190469e-002	1.898354e+001
7.481322273190472e-002	1.822039e+001
7.489322273190474e-002	1.719377e+001
7.497322273190477e-002	1.594518e+001
7.505322273190479e-002	1.452722e+001
7.513322273190481e-002	1.300284e+001
7.521322273190484e-002	1.144450e+001
7.529322273190486e-002	9.932406e+000
7.537322273190489e-002	8.551849e+000
7.545322273190491e-002	7.389684e+000
7.553322273190494e-002	6.530077e+000
7.561322273190496e-002	6.049708e+000
7.569322273190499e-002	6.012834e+000
7.577322273190501e-002	6.466639e+000
7.585322273190504e-002	7.437083e+000
7.593322273190506e-002	8.925077e+000
7.601322273190508e-002	1.090198e+001
7.609322273190511e-002	1.329882e+001
7.617322273190513e-002	1.592224e+001
7.625322273190516e-002	1.824263e+001
7.630546155395218e-002	1.917658e+001
7.632614643803121e-002	1.934389e+001
7.634612062193330e-002	1.943455e+001
7.636628705831872e-002	1.950348e+001
7.640661993108960e-002	1.960519e+001
7.644882280388959e-002	1.965599e+001
7.652882280388962e-002	1.957681e+001
7.660395731355790e-002	1.926835e+001
7.668395731355793e-002	1.864846e+001
7.676395731355795e-002	1.775365e+001
7.684395731355798e-002	1.661445e+001
7.692395731355800e-002	1.527761e+001
7.700395731355803e-002	1.380063e+001
7.708395731355805e-002	1.225121e+001
7.716395731355807e-002	1.070586e+001
7.724395731355810e-002	9.247577e+000
7.732395731355812e-002	7.962821e+000
7.740395731355815e-002	6.937673e+000
7.748395731355817e-002	6.253243e+000
7.756395731355820e-002	5.980753e+000
7.764395731355822e-002	6.176701e+000
7.772395731355825e-002	6.878454e+000
7.780395731355827e-002	8.100313e+000
7.788395731355829e-002	9.829568e+000
7.796395731355832e-002	1.202004e+001
7.804395731355834e-002	1.457122e+001
7.812395731355837e-002	1.716683e+001
7.818211313621648e-002	1.862479e+001
7.822760666305040e-002	1.924141e+001
7.825610032554109e-002	1.941791e+001
7.828347100475513e-002	1.951827e+001
7.830910521475648e-002	1.958484e+001
7.836037363475917e-002	1.966410e+001
7.841358846156288e-002	1.964683e+001
7.849358846156290e-002	1.939144e+001
7.857358846156293e-002	1.886179e+001
7.865358846156295e-002	1.804564e+001
7.873358846156298e-002	1.697389e+001
7.881358846156300e-002	1.568992e+001
7.889358846156303e-002	1.424794e+001
7.897358846156305e-002	1.271277e+001
7.905358846156307e-002	1.115850e+001
7.913358846156310e-002	9.666424e+000
7.921358846156312e-002	8.322308e+000
7.929358846156315e-002	7.212720e+000
7.937358846156317e-002	6.420662e+000
7.945358846156320e-002	6.020716e+000
7.953358846156322e-002	6.074142e+000
7.961358846156325e-002	6.624319e+000
7.969358846156327e-002	7.692691e+000
7.977358846156329e-002	9.274939e+000
7.985358846156332e-002	1.133605e+001
7.993358846156334e-002	1.378943e+001
8.000000000000002e-002	1.602504e+001
