time	Vo
0.000000000000000e+000	1.970101e+001
4.553154570513529e-006	1.970306e+001
1.365946371151283e-005	1.970502e+001
3.187208199353919e-005	1.969759e+001
6.015710677390040e-005	1.964902e+001
1.167271563346228e-004	1.943995e+001
1.791336476160976e-004	1.904132e+001
2.591336476160944e-004	1.827750e+001
3.391336476160911e-004	1.726516e+001
4.191336476160879e-004	1.602834e+001
4.991336476160846e-004	1.461891e+001
5.791336476160813e-004	1.309911e+001
6.591336476160781e-004	1.154084e+001
7.391336476160748e-004	1.002384e+001
8.191336476160716e-004	8.633107e+000
8.991336476160683e-004	7.455466e+000
9.791336476160650e-004	6.575316e+000
1.059133647616062e-003	6.069878e+000
1.139133647616059e-003	6.004255e+000
1.219133647616055e-003	6.426760e+000
1.299133647616052e-003	7.364728e+000
1.379133647616049e-003	8.820704e+000
1.459133647616046e-003	1.076802e+001
1.539133647616042e-003	1.314087e+001
1.619133647616039e-003	1.579560e+001
1.684100448593434e-003	1.795631e+001
1.710010916668836e-003	1.864424e+001
1.728878965207931e-003	1.896516e+001
1.735348202221737e-003	1.903930e+001
1.745647832062436e-003	1.913359e+001
1.756006095475687e-003	1.921370e+001
1.770215753993970e-003	1.930405e+001
1.785576520976384e-003	1.938301e+001
1.806300106644065e-003	1.946686e+001
1.831911674990527e-003	1.954701e+001
1.864964661806690e-003	1.962324e+001
1.905606097069912e-003	1.967756e+001
1.951199296554435e-003	1.967021e+001
2.002214154145254e-003	1.954984e+001
2.065651738466207e-003	1.922894e+001
2.134148654548834e-003	1.867316e+001
2.214148654548831e-003	1.777133e+001
2.294148654548828e-003	1.663519e+001
2.374148654548824e-003	1.530077e+001
2.454148654548821e-003	1.382530e+001
2.534148654548818e-003	1.227632e+001
2.614148654548815e-003	1.073012e+001
2.694148654548811e-003	9.269570e+000
2.774148654548808e-003	7.981075e+000
2.854148654548805e-003	6.950709e+000
2.934148654548802e-003	6.259677e+000
3.014148654548798e-003	5.979379e+000
3.094148654548795e-003	6.166577e+000
3.174148654548792e-003	6.858987e+000
3.254148654548789e-003	8.071325e+000
3.334148654548785e-003	9.791393e+000
3.414148654548782e-003	1.197370e+001
3.494148654548779e-003	1.451936e+001
3.574148654548776e-003	1.724096e+001
3.608590356222130e-003	1.832760e+001
3.627006255799509e-003	1.876409e+001
3.635149753339950e-003	1.889188e+001
3.644672889714762e-003	1.900360e+001
3.654690521634973e-003	1.910263e+001
3.664733779047052e-003	1.918563e+001
3.676904849583995e-003	1.926939e+001
3.689987286609159e-003	1.934346e+001
3.707794395480302e-003	1.942505e+001
3.727470772288660e-003	1.949663e+001
3.755843995077668e-003	1.957673e+001
3.786874835123716e-003	1.964108e+001
3.826657393007305e-003	1.968422e+001
3.870376440474527e-003	1.965829e+001
3.932533572649388e-003	1.946784e+001
4.005317022721500e-003	1.902815e+001
4.078393700483712e-003	1.834686e+001
4.158393700483709e-003	1.734674e+001
4.238393700483706e-003	1.612479e+001
4.318393700483703e-003	1.472588e+001
4.398393700483699e-003	1.321152e+001
4.478393700483696e-003	1.165294e+001
4.558393700483693e-003	1.012942e+001
4.638393700483690e-003	8.725700e+000
4.718393700483686e-003	7.528631e+000
4.798393700483683e-003	6.622994e+000
4.878393700483680e-003	6.086754e+000
4.958393700483676e-003	5.986122e+000
5.038393700483673e-003	6.370845e+000
5.118393700483670e-003	7.269986e+000
5.198393700483667e-003	8.688092e+000
5.278393700483663e-003	1.060090e+001
5.358393700483660e-003	1.294618e+001
5.438393700483657e-003	1.557198e+001
5.518393700483654e-003	1.814870e+001
5.545996642459555e-003	1.881281e+001
5.560782124351432e-003	1.902086e+001
5.575471101317092e-003	1.915999e+001
5.585947236113803e-003	1.923913e+001
5.597800364817301e-003	1.931160e+001
5.614453171092160e-003	1.939554e+001
5.629802698919634e-003	1.945780e+001
5.656374759793303e-003	1.954279e+001
5.682136201014237e-003	1.960578e+001
5.723912744077603e-003	1.967186e+001
5.764465263612129e-003	1.967703e+001
5.826662883410938e-003	1.953462e+001
5.906662883410935e-003	1.910952e+001
5.980564427885748e-003	1.846485e+001
6.060564427885745e-003	1.750050e+001
6.140564427885742e-003	1.630739e+001
6.220564427885739e-003	1.492950e+001
6.300564427885735e-003	1.342690e+001
6.380564427885732e-003	1.186956e+001
6.460564427885729e-003	1.033580e+001
6.540564427885726e-003	8.909788e+000
6.620564427885722e-003	7.678347e+000
6.700564427885719e-003	6.726840e+000
6.780564427885716e-003	6.134503e+000
6.860564427885713e-003	5.969499e+000
6.940564427885709e-003	6.284156e+000
7.020564427885706e-003	7.110673e+000
7.100564427885703e-003	8.457260e+000
7.180564427885700e-003	1.030401e+001
7.260564427885696e-003	1.259495e+001
7.340564427885693e-003	1.520287e+001
7.420564427885690e-003	1.779851e+001
7.459561979678869e-003	1.876733e+001
7.481759614610450e-003	1.908881e+001
7.495429352702948e-003	1.920878e+001
7.507229582054270e-003	1.928818e+001
7.518921724482625e-003	1.935208e+001
7.537961996741893e-003	1.943705e+001
7.556012405241286e-003	1.950067e+001
7.592113222240071e-003	1.959726e+001
7.624814255407064e-003	1.965550e+001
7.675007210117296e-003	1.967973e+001
7.722655833361181e-003	1.959723e+001
7.802655833361177e-003	1.921880e+001
7.882655833361174e-003	1.857298e+001
7.962655833361171e-003	1.765054e+001
8.042655833361168e-003	1.648779e+001
8.122655833361164e-003	1.513267e+001
8.202655833361161e-003	1.364371e+001
8.282655833361158e-003	1.208960e+001
8.362655833361155e-003	1.054760e+001
8.442655833361151e-003	9.101239e+000
8.522655833361148e-003	7.837185e+000
8.602655833361145e-003	6.841283e+000
8.682655833361141e-003	6.193938e+000
8.762655833361138e-003	5.965168e+000
8.842655833361135e-003	6.209797e+000
8.922655833361132e-003	6.963100e+000
9.002655833361128e-003	8.236896e+000
9.082655833361125e-003	1.001555e+001
9.162655833361122e-003	1.224895e+001
9.242655833361119e-003	1.482697e+001
9.322655833361115e-003	1.752092e+001
9.357181225444738e-003	1.846108e+001
9.397093677634999e-003	1.911793e+001
9.409248043436125e-003	1.923168e+001
9.420925028260474e-003	1.930422e+001
9.435294952487627e-003	1.937763e+001
9.452305279953749e-003	1.944677e+001
9.486325934885992e-003	1.955345e+001
9.517429539972228e-003	1.962251e+001
9.571054566959086e-003	1.967632e+001
9.623448650761896e-003	1.961757e+001
9.703448650761892e-003	1.928643e+001
9.783448650761889e-003	1.868194e+001
9.863448650761886e-003	1.779651e+001
9.943448650761882e-003	1.666471e+001
1.002344865076188e-002	1.533291e+001
1.010344865076188e-002	1.385816e+001
1.018344865076187e-002	1.230785e+001
1.026344865076187e-002	1.075823e+001
1.034344865076187e-002	9.292166e+000
1.042344865076186e-002	7.996183e+000
1.050344865076186e-002	6.956579e+000
1.058344865076186e-002	6.254884e+000
1.066344865076185e-002	5.962947e+000
1.074344865076185e-002	6.138078e+000
1.082344865076185e-002	6.818597e+000
1.090344865076184e-002	8.019893e+000
1.098344865076184e-002	9.730498e+000
1.106344865076184e-002	1.190583e+001
1.114344865076183e-002	1.444888e+001
1.122344865076183e-002	1.709688e+001
1.127609057627863e-002	1.849167e+001
1.132419056003720e-002	1.921696e+001
1.134383726788310e-002	1.936039e+001
1.136249522451738e-002	1.944192e+001
1.138238386417168e-002	1.950939e+001
1.141322381145504e-002	1.958722e+001
1.146728937394961e-002	1.966745e+001
1.152004617250257e-002	1.964228e+001
1.160004617250257e-002	1.937037e+001
1.168004617250257e-002	1.882412e+001
1.176004617250256e-002	1.799210e+001
1.184004617250256e-002	1.690604e+001
1.192004617250256e-002	1.560999e+001
1.200004617250255e-002	1.415885e+001
1.208004617250255e-002	1.261808e+001
1.216004617250255e-002	1.106232e+001
1.224004617250254e-002	9.573364e+000
1.232004617250254e-002	8.237261e+000
1.240004617250254e-002	7.140682e+000
1.248004617250254e-002	6.366471e+000
1.256004617250253e-002	5.988765e+000
1.264004617250253e-002	6.068098e+000
1.272004617250253e-002	6.646860e+000
1.280004617250252e-002	7.745254e+000
1.288004617250252e-002	9.357461e+000
1.296004617250252e-002	1.144658e+001
1.304004617250251e-002	1.392992e+001
1.312004617250251e-002	1.657520e+001
1.318499362004164e-002	1.837211e+001
1.323719815600491e-002	1.921552e+001
1.325922573573876e-002	1.937649e+001
1.328038930720332e-002	1.946343e+001
1.330329011154757e-002	1.953472e+001
1.334028484385941e-002	1.961425e+001
1.340493931353354e-002	1.966401e+001
1.346798181790540e-002	1.955866e+001
1.354798181790540e-002	1.916270e+001
1.362798181790539e-002	1.848656e+001
1.370798181790539e-002	1.753672e+001
1.378798181790539e-002	1.635091e+001
1.386798181790538e-002	1.497832e+001
1.394798181790538e-002	1.347871e+001
1.402798181790538e-002	1.192181e+001
1.410798181790537e-002	1.038573e+001
1.418798181790537e-002	8.954552e+000
1.426798181790537e-002	7.715106e+000
1.434798181790536e-002	6.752925e+000
1.442798181790536e-002	6.147567e+000
1.450798181790536e-002	5.967675e+000
1.458798181790535e-002	6.266198e+000
1.466798181790535e-002	7.076079e+000
1.474798181790535e-002	8.406386e+000
1.482798181790535e-002	1.023821e+001
1.490798181790534e-002	1.251694e+001
1.498798181790534e-002	1.511972e+001
1.506798181790534e-002	1.769268e+001
1.511353571257387e-002	1.880491e+001
1.513644381718457e-002	1.911860e+001
1.516007166183050e-002	1.929451e+001
1.518313582838424e-002	1.941401e+001
1.520613887989744e-002	1.950028e+001
1.523590698706745e-002	1.958024e+001
1.528835738580539e-002	1.966472e+001
1.533961393757768e-002	1.964960e+001
1.541961393757768e-002	1.939686e+001
1.549961393757768e-002	1.887132e+001
1.557961393757767e-002	1.805884e+001
1.565961393757767e-002	1.699009e+001
1.573961393757767e-002	1.570826e+001
1.581961393757767e-002	1.426746e+001
1.589961393757766e-002	1.273236e+001
1.597961393757766e-002	1.117697e+001
1.605961393757766e-002	9.682566e+000
1.613961393757765e-002	8.334895e+000
1.621961393757765e-002	7.220605e+000
1.629961393757765e-002	6.422835e+000
1.637961393757764e-002	6.016372e+000
1.645961393757764e-002	6.062745e+000
1.653961393757764e-002	6.605658e+000
1.661961393757763e-002	7.666920e+000
1.669961393757763e-002	9.242626e+000
1.677961393757763e-002	1.129826e+001
1.685961393757762e-002	1.375539e+001
1.693961393757762e-002	1.638339e+001
1.701085387383503e-002	1.836013e+001
1.706395811582043e-002	1.922222e+001
1.708728988533592e-002	1.938890e+001
1.710971636623038e-002	1.947763e+001
1.713357267458979e-002	1.954851e+001
1.717284022709276e-002	1.962569e+001
1.724044985900977e-002	1.965614e+001
1.730599025659507e-002	1.951563e+001
1.738599025659507e-002	1.907456e+001
1.746599025659507e-002	1.835339e+001
1.754599025659506e-002	1.736379e+001
1.762599025659506e-002	1.614540e+001
1.770599025659506e-002	1.474917e+001
1.778599025659505e-002	1.323646e+001
1.786599025659505e-002	1.167842e+001
1.794599025659505e-002	1.015420e+001
1.802599025659504e-002	8.748528e+000
1.810599025659504e-002	7.548241e+000
1.818599025659504e-002	6.638188e+000
1.826599025659503e-002	6.096469e+000
1.834599025659503e-002	5.989495e+000
1.842599025659503e-002	6.367279e+000
1.850599025659502e-002	7.259201e+000
1.858599025659502e-002	8.670182e+000
1.866599025659502e-002	1.057640e+001
1.874599025659501e-002	1.291622e+001
1.882599025659501e-002	1.554063e+001
1.890599025659501e-002	1.801864e+001
1.895128603246507e-002	1.899575e+001
1.896809678627734e-002	1.918769e+001
1.898346403505449e-002	1.929158e+001
1.900355833254397e-002	1.939312e+001
1.903354135796989e-002	1.950659e+001
1.906171329732045e-002	1.958334e+001
1.911047779871761e-002	1.966469e+001
1.915810640991253e-002	1.965968e+001
1.923663637468370e-002	1.943580e+001
1.931663637468370e-002	1.893960e+001
1.939663637468370e-002	1.815547e+001
1.947663637468369e-002	1.711073e+001
1.955663637468369e-002	1.584768e+001
1.963663637468369e-002	1.441965e+001
1.971663637468368e-002	1.289030e+001
1.979663637468368e-002	1.133272e+001
1.987663637468368e-002	9.827549e+000
1.995663637468367e-002	8.460287e+000
2.003663637468367e-002	7.317716e+000
2.011663637468367e-002	6.483586e+000
2.019663637468366e-002	6.033801e+000
2.027663637468366e-002	6.031494e+000
2.035663637468366e-002	6.522405e+000
2.043663637468365e-002	7.530772e+000
2.051663637468365e-002	9.055507e+000
2.059663637468365e-002	1.106554e+001
2.067663637468364e-002	1.348814e+001
2.075663637468364e-002	1.609788e+001
2.083663637468364e-002	1.833014e+001
2.089186377662375e-002	1.923749e+001
2.091469611571878e-002	1.939851e+001
2.093664009428889e-002	1.948311e+001
2.095905971449968e-002	1.954898e+001
2.099683024151106e-002	1.962494e+001
2.106028601580862e-002	1.966507e+001
2.112163851101778e-002	1.955347e+001
2.120163851101778e-002	1.914698e+001
2.128163851101778e-002	1.846245e+001
2.136163851101777e-002	1.750543e+001
2.144163851101777e-002	1.631397e+001
2.152163851101777e-002	1.493756e+001
2.160163851101776e-002	1.343625e+001
2.168163851101776e-002	1.187996e+001
2.176163851101776e-002	1.034695e+001
2.184163851101775e-002	8.921379e+000
2.192163851101775e-002	7.690005e+000
2.200163851101775e-002	6.738176e+000
2.208163851101774e-002	6.145118e+000
2.216163851101774e-002	5.979004e+000
2.224163851101774e-002	6.292193e+000
2.232163851101773e-002	7.116935e+000
2.240163851101773e-002	8.461508e+000
2.248163851101773e-002	1.030610e+001
2.256163851101772e-002	1.259483e+001
2.264163851101772e-002	1.520094e+001
2.272163851101772e-002	1.777276e+001
2.276436080937638e-002	1.881670e+001
2.278432069810618e-002	1.909431e+001
2.280517417621591e-002	1.925945e+001
2.282476539624301e-002	1.937189e+001
2.284435727876835e-002	1.945589e+001
2.286840640779997e-002	1.953293e+001
2.291089167749671e-002	1.963057e+001
2.295231984445373e-002	1.966941e+001
2.302414396409280e-002	1.958106e+001
2.309297018816356e-002	1.928999e+001
2.317297018816356e-002	1.867245e+001
2.325297018816355e-002	1.778547e+001
2.333297018816355e-002	1.665306e+001
2.341297018816355e-002	1.532161e+001
2.349297018816354e-002	1.384823e+001
2.357297018816354e-002	1.230031e+001
2.365297018816354e-002	1.075406e+001
2.373297018816353e-002	9.292267e+000
2.381297018816353e-002	8.001293e+000
2.389297018816353e-002	6.967239e+000
2.397297018816352e-002	6.271386e+000
2.405297018816352e-002	5.985289e+000
2.413297018816352e-002	6.165939e+000
2.421297018816351e-002	6.851347e+000
2.429297018816351e-002	8.056581e+000
2.437297018816351e-002	9.769820e+000
2.445297018816350e-002	1.194607e+001
2.453297018816350e-002	1.448749e+001
2.461297018816350e-002	1.708786e+001
2.467235661116987e-002	1.860634e+001
2.471566773409165e-002	1.922934e+001
2.473468298852480e-002	1.936214e+001
2.475286296896187e-002	1.944294e+001
2.476992428199490e-002	1.950182e+001
2.480404690806098e-002	1.959267e+001
2.483749756698345e-002	1.965188e+001
2.489206601095220e-002	1.967403e+001
2.494431839801667e-002	1.957422e+001
2.502431839801667e-002	1.917380e+001
2.510431839801666e-002	1.850321e+001
2.518431839801666e-002	1.755893e+001
2.526431839801666e-002	1.637832e+001
2.534431839801665e-002	1.501029e+001
2.542431839801665e-002	1.351429e+001
2.550431839801665e-002	1.195975e+001
2.558431839801664e-002	1.042450e+001
2.566431839801664e-002	8.992394e+000
2.574431839801664e-002	7.750088e+000
2.582431839801663e-002	6.783031e+000
2.590431839801663e-002	6.170799e+000
2.598431839801663e-002	5.982167e+000
2.606431839801662e-002	6.270339e+000
2.614431839801662e-002	7.068622e+000
2.622431839801662e-002	8.386560e+000
2.630431839801661e-002	1.020586e+001
2.638431839801661e-002	1.247282e+001
2.646431839801661e-002	1.506742e+001
2.654431839801660e-002	1.771169e+001
2.657963536897232e-002	1.863625e+001
2.660742431804114e-002	1.907373e+001
2.661939997331855e-002	1.918697e+001
2.663099598420174e-002	1.926760e+001
2.664401790561194e-002	1.934220e+001
2.665849283019406e-002	1.940932e+001
2.668349465112119e-002	1.950149e+001
2.670759231425909e-002	1.956883e+001
2.675578764053493e-002	1.965851e+001
2.679934676739695e-002	1.966988e+001
2.687498013914297e-002	1.949334e+001
2.695498013914296e-002	1.904531e+001
2.703498013914296e-002	1.830893e+001
2.711498013914296e-002	1.730584e+001
2.719498013914296e-002	1.607631e+001
2.727498013914295e-002	1.467180e+001
2.735498013914295e-002	1.315424e+001
2.743498013914295e-002	1.159522e+001
2.751498013914294e-002	1.007429e+001
2.759498013914294e-002	8.676379e+000
2.767498013914294e-002	7.488371e+000
2.775498013914293e-002	6.594915e+000
2.783498013914293e-002	6.073657e+000
2.791498013914293e-002	5.990303e+000
2.799498013914292e-002	6.393926e+000
2.807498013914292e-002	7.312757e+000
2.815498013914292e-002	8.750362e+000
2.823498013914291e-002	1.068129e+001
2.831498013914291e-002	1.304154e+001
2.839498013914291e-002	1.566937e+001
2.847498013914290e-002	1.811672e+001
2.851938009946167e-002	1.903134e+001
2.853792865979554e-002	1.922451e+001
2.855621717940576e-002	1.933614e+001
2.857884635996427e-002	1.943906e+001
2.860385637385521e-002	1.952202e+001
2.865387640163708e-002	1.963449e+001
2.870086899765217e-002	1.966491e+001
2.878086899765217e-002	1.951048e+001
2.886086899765217e-002	1.909039e+001
2.894086899765216e-002	1.837686e+001
2.902086899765216e-002	1.739381e+001
2.910086899765216e-002	1.618055e+001
2.918086899765215e-002	1.478771e+001
2.926086899765215e-002	1.327641e+001
2.934086899765215e-002	1.171756e+001
2.942086899765214e-002	1.019022e+001
2.950086899765214e-002	8.779012e+000
2.958086899765214e-002	7.570859e+000
2.966086899765213e-002	6.650792e+000
2.974086899765213e-002	6.097228e+000
2.982086899765213e-002	5.977031e+000
2.990086899765213e-002	6.340779e+000
2.998086899765212e-002	7.218519e+000
3.006086899765212e-002	8.615929e+000
3.014086899765212e-002	1.051007e+001
3.022086899765211e-002	1.284062e+001
3.030086899765211e-002	1.546387e+001
3.038086899765211e-002	1.793066e+001
3.043200845634983e-002	1.900428e+001
3.045639188525340e-002	1.925844e+001
3.048042369605028e-002	1.938920e+001
3.051541859033585e-002	1.951912e+001
3.055035209605916e-002	1.960244e+001
3.062021910750579e-002	1.965826e+001
3.068625091390825e-002	1.954497e+001
3.076625091390825e-002	1.913872e+001
3.084625091390825e-002	1.845018e+001
3.092625091390824e-002	1.748936e+001
3.100625091390824e-002	1.629451e+001
3.108625091390824e-002	1.491534e+001
3.116625091390823e-002	1.341204e+001
3.124625091390823e-002	1.185474e+001
3.132625091390823e-002	1.032185e+001
3.140625091390822e-002	8.897620e+000
3.148625091390822e-002	7.668895e+000
3.156625091390822e-002	6.721026e+000
3.164625091390821e-002	6.133175e+000
3.172625091390821e-002	5.973375e+000
3.180625091390821e-002	6.293769e+000
3.188625091390820e-002	7.126324e+000
3.196625091390820e-002	8.478966e+000
3.204625091390820e-002	1.033144e+001
3.212625091390819e-002	1.262725e+001
3.220625091390819e-002	1.523749e+001
3.228625091390819e-002	1.775034e+001
3.233799030078746e-002	1.891957e+001
3.236164277974388e-002	1.920301e+001
3.238383457923816e-002	1.934192e+001
3.241679008049392e-002	1.948178e+001
3.244948284947063e-002	1.957817e+001
3.249199853589621e-002	1.964818e+001
3.255989598005235e-002	1.963916e+001
3.262512523221675e-002	1.945025e+001
3.270512523221675e-002	1.894613e+001
3.278512523221674e-002	1.816623e+001
3.286512523221674e-002	1.712532e+001
3.294512523221674e-002	1.586552e+001
3.302512523221673e-002	1.444004e+001
3.310512523221673e-002	1.291239e+001
3.318512523221673e-002	1.135550e+001
3.326512523221673e-002	9.849903e+000
3.334512523221672e-002	8.481003e+000
3.342512523221672e-002	7.335548e+000
3.350512523221672e-002	6.497320e+000
3.358512523221671e-002	6.042316e+000
3.366512523221671e-002	6.033835e+000
3.374512523221671e-002	6.517850e+000
3.382512523221670e-002	7.518892e+000
3.390512523221670e-002	9.036231e+000
3.398512523221670e-002	1.103925e+001
3.406512523221669e-002	1.345590e+001
3.414512523221669e-002	1.606786e+001
3.422512523221669e-002	1.831956e+001
3.427904507000890e-002	1.923338e+001
3.429586626751602e-002	1.936164e+001
3.431208144562295e-002	1.943284e+001
3.432742805732245e-002	1.948683e+001
3.435812128072141e-002	1.957259e+001
3.438917748756382e-002	1.963500e+001
3.444184307550149e-002	1.967891e+001
3.449309140963652e-002	1.961174e+001
3.457309140963652e-002	1.926568e+001
3.465309140963652e-002	1.864809e+001
3.473309140963651e-002	1.775133e+001
3.481309140963651e-002	1.661052e+001
3.489309140963651e-002	1.527248e+001
3.497309140963650e-002	1.379471e+001
3.505309140963650e-002	1.224496e+001
3.513309140963650e-002	1.069970e+001
3.521309140963649e-002	9.241938e+000
3.529309140963649e-002	7.958116e+000
3.537309140963649e-002	6.934269e+000
3.545309140963648e-002	6.251451e+000
3.553309140963648e-002	5.980807e+000
3.561309140963648e-002	6.178738e+000
3.569309140963647e-002	6.882503e+000
3.577309140963647e-002	8.106280e+000
3.585309140963647e-002	9.837234e+000
3.593309140963646e-002	1.202901e+001
3.601309140963646e-002	1.458085e+001
3.609309140963646e-002	1.726458e+001
3.613563765952554e-002	1.842750e+001
3.618087539618073e-002	1.916210e+001
3.619587516686681e-002	1.929026e+001
3.621020289204280e-002	1.936645e+001
3.622724423816121e-002	1.943893e+001
3.625023637801567e-002	1.951432e+001
3.629622065772456e-002	1.962370e+001
3.633893954200765e-002	1.966349e+001
3.641893954200764e-002	1.955132e+001
3.649305318301924e-002	1.921307e+001
3.657305318301923e-002	1.855788e+001
3.665305318301923e-002	1.763191e+001
3.673305318301923e-002	1.646620e+001
3.681305318301922e-002	1.510890e+001
3.689305318301922e-002	1.361875e+001
3.697305318301922e-002	1.206462e+001
3.705305318301921e-002	1.052394e+001
3.713305318301921e-002	9.080318e+000
3.721305318301921e-002	7.820471e+000
3.729305318301920e-002	6.830196e+000
3.737305318301920e-002	6.189775e+000
3.745305318301920e-002	5.969008e+000
3.753305318301919e-002	6.222425e+000
3.761305318301919e-002	6.984932e+000
3.769305318301919e-002	8.267910e+000
3.777305318301918e-002	1.005520e+001
3.785305318301918e-002	1.229599e+001
3.793305318301918e-002	1.487810e+001
3.801305318301917e-002	1.744431e+001
3.806758529282309e-002	1.876573e+001
3.810054816970737e-002	1.919399e+001
3.813318299148125e-002	1.939788e+001
3.815990620191426e-002	1.950465e+001
3.818614521557359e-002	1.957601e+001
3.823862324289226e-002	1.966257e+001
3.828978773749628e-002	1.965220e+001
3.836978773749628e-002	1.940870e+001
3.844978773749627e-002	1.889263e+001
3.852978773749627e-002	1.808898e+001
3.860978773749627e-002	1.702795e+001
3.868978773749626e-002	1.575235e+001
3.876978773749626e-002	1.431590e+001
3.884978773749626e-002	1.278296e+001
3.892978773749625e-002	1.122726e+001
3.900978773749625e-002	9.729837e+000
3.908978773749625e-002	8.376355e+000
3.916978773749624e-002	7.253470e+000
3.924978773749624e-002	6.444491e+000
3.932978773749624e-002	6.024532e+000
3.940978773749623e-002	6.055607e+000
3.948978773749623e-002	6.582046e+000
3.956978773749623e-002	7.626412e+000
3.964978773749622e-002	9.185688e+000
3.972978773749622e-002	1.122646e+001
3.980978773749622e-002	1.367214e+001
3.988978773749621e-002	1.626331e+001
3.996978773749621e-002	1.840601e+001
4.002775908727457e-002	1.927832e+001
4.005662052489073e-002	1.945445e+001
4.008435589628803e-002	1.954343e+001
4.011216315208213e-002	1.960784e+001
4.016083006753346e-002	1.965744e+001
4.024083006753346e-002	1.955845e+001
4.032020934388972e-002	1.920236e+001
4.040020934388972e-002	1.854902e+001
4.048020934388971e-002	1.762043e+001
4.056020934388971e-002	1.645276e+001
4.064020934388971e-002	1.509422e+001
4.072020934388970e-002	1.360366e+001
4.080020934388970e-002	1.205000e+001
4.088020934388970e-002	1.051072e+001
4.096020934388969e-002	9.069453e+000
4.104020934388969e-002	7.812858e+000
4.112020934388969e-002	6.826651e+000
4.120020934388968e-002	6.190972e+000
4.128020934388968e-002	5.975432e+000
4.136020934388968e-002	6.234328e+000
4.144020934388967e-002	7.002296e+000
4.152020934388967e-002	8.290421e+000
4.160020934388967e-002	1.008220e+001
4.168020934388966e-002	1.232639e+001
4.176020934388966e-002	1.490964e+001
4.184020934388966e-002	1.747096e+001
4.189447614890365e-002	1.876598e+001
4.193074705589595e-002	1.921943e+001
4.196604906635484e-002	1.942513e+001
4.199926398602055e-002	1.954324e+001
4.203143908782561e-002	1.961474e+001
4.209578929143573e-002	1.966388e+001
4.215933469846134e-002	1.955867e+001
4.223933469846133e-002	1.916393e+001
4.231933469846133e-002	1.848884e+001
4.239933469846133e-002	1.754031e+001
4.247933469846132e-002	1.635600e+001
4.255933469846132e-002	1.498503e+001
4.263933469846132e-002	1.348709e+001
4.271933469846131e-002	1.193178e+001
4.279933469846131e-002	1.039712e+001
4.287933469846131e-002	8.967085e+000
4.295933469846130e-002	7.728390e+000
4.303933469846130e-002	6.766474e+000
4.311933469846130e-002	6.160812e+000
4.319933469846130e-002	5.979993e+000
4.327933469846129e-002	6.276942e+000
4.335933469846129e-002	7.084611e+000
4.343933469846129e-002	8.412112e+000
4.351933469846128e-002	1.024063e+001
4.359933469846128e-002	1.251567e+001
4.367933469846128e-002	1.511495e+001
4.375933469846127e-002	1.764755e+001
4.381170382796609e-002	1.887046e+001
4.383644867007569e-002	1.918296e+001
4.386049829667679e-002	1.933965e+001
4.389073342878266e-002	1.947260e+001
4.392025244109860e-002	1.956356e+001
4.395950200420198e-002	1.963769e+001
4.402374606515178e-002	1.965834e+001
4.408541803917482e-002	1.951954e+001
4.416541803917481e-002	1.907497e+001
4.424541803917481e-002	1.835410e+001
4.432541803917481e-002	1.736504e+001
4.440541803917480e-002	1.614740e+001
4.448541803917480e-002	1.475206e+001
4.456541803917480e-002	1.324034e+001
4.464541803917480e-002	1.168330e+001
4.472541803917479e-002	1.016005e+001
4.480541803917479e-002	8.755215e+000
4.488541803917479e-002	7.555570e+000
4.496541803917478e-002	6.645891e+000
4.504541803917478e-002	6.104212e+000
4.512541803917478e-002	5.996898e+000
4.520541803917477e-002	6.373930e+000
4.528541803917477e-002	7.264678e+000
4.536541803917477e-002	8.674074e+000
4.544541803917476e-002	1.057833e+001
4.552541803917476e-002	1.291591e+001
4.560541803917476e-002	1.553824e+001
4.568541803917475e-002	1.806136e+001
4.572286560436192e-002	1.891754e+001
4.573699848243862e-002	1.909929e+001
4.575078227284718e-002	1.921105e+001
4.576868663933631e-002	1.932355e+001
4.578701871148688e-002	1.941346e+001
4.580656266550079e-002	1.948656e+001
4.584027202533439e-002	1.958215e+001
4.587298550551547e-002	1.964553e+001
4.592353033700680e-002	1.968077e+001
4.597190862061434e-002	1.960962e+001
4.605190862061434e-002	1.925302e+001
4.613190862061434e-002	1.862777e+001
4.621190862061433e-002	1.772412e+001
4.629190862061433e-002	1.657751e+001
4.637190862061433e-002	1.523504e+001
4.645190862061432e-002	1.375447e+001
4.653190862061432e-002	1.220379e+001
4.661190862061432e-002	1.065967e+001
4.669190862061431e-002	9.205240e+000
4.677190862061431e-002	7.926972e+000
4.685190862061431e-002	6.910834e+000
4.693190862061430e-002	6.237688e+000
4.701190862061430e-002	5.978354e+000
4.709190862061430e-002	6.188797e+000
4.717190862061430e-002	6.905733e+000
4.725190862061429e-002	8.142699e+000
4.733190862061429e-002	9.886111e+000
4.741190862061429e-002	1.208862e+001
4.749190862061428e-002	1.464684e+001
4.757190862061428e-002	1.733694e+001
4.761148093475875e-002	1.842574e+001
4.765421803216990e-002	1.913589e+001
4.766764547434932e-002	1.925747e+001
4.768056092684209e-002	1.933244e+001
4.769628708659685e-002	1.940642e+001
4.771602693406071e-002	1.947911e+001
4.775550662898845e-002	1.958865e+001
4.779209859836195e-002	1.965174e+001
4.785266551923131e-002	1.966066e+001
4.791081234816161e-002	1.952318e+001
4.799081234816160e-002	1.907458e+001
4.807081234816160e-002	1.835258e+001
4.815081234816160e-002	1.736211e+001
4.823081234816160e-002	1.614288e+001
4.831081234816159e-002	1.474580e+001
4.839081234816159e-002	1.323228e+001
4.847081234816159e-002	1.167348e+001
4.855081234816158e-002	1.014860e+001
4.863081234816158e-002	8.742367e+000
4.871081234816158e-002	7.541676e+000
4.879081234816157e-002	6.631399e+000
4.887081234816157e-002	6.089661e+000
4.895081234816157e-002	5.982891e+000
4.903081234816156e-002	6.361105e+000
4.911081234816156e-002	7.253685e+000
4.919081234816156e-002	8.665533e+000
4.927081234816155e-002	1.057280e+001
4.935081234816155e-002	1.291383e+001
4.943081234816155e-002	1.553944e+001
4.951081234816154e-002	1.809417e+001
4.954333192930152e-002	1.886715e+001
4.955528789953179e-002	1.903226e+001
4.957074090082028e-002	1.917209e+001
4.958356179505258e-002	1.926431e+001
4.959858751562796e-002	1.935066e+001
4.961233479370469e-002	1.941425e+001
4.963538378699051e-002	1.949930e+001
4.965754690660654e-002	1.956326e+001
4.969523611585991e-002	1.964272e+001
4.973187675652241e-002	1.967893e+001
4.978923963579934e-002	1.963489e+001
4.984352240604700e-002	1.945547e+001
4.991775243127694e-002	1.897801e+001
4.999775243127694e-002	1.820293e+001
5.007775243127693e-002	1.717095e+001
5.015775243127696e-002	1.591827e+001
5.023775243127698e-002	1.449763e+001
5.031775243127701e-002	1.297213e+001
5.039775243127703e-002	1.141435e+001
5.047775243127706e-002	9.904586e+000
5.055775243127708e-002	8.528111e+000
5.063775243127711e-002	7.371707e+000
5.071775243127713e-002	6.519377e+000
5.079775243127715e-002	6.047533e+000
5.087775243127718e-002	6.020081e+000
5.095775243127720e-002	6.483775e+000
5.103775243127723e-002	7.464078e+000
5.111775243127725e-002	8.961345e+000
5.119775243127728e-002	1.094627e+001
5.127775243127730e-002	1.334896e+001
5.135775243127733e-002	1.596844e+001
5.143775243127735e-002	1.840723e+001
5.146468330189624e-002	1.897322e+001
5.147327124282319e-002	1.907445e+001
5.148427827029001e-002	1.916944e+001
5.149622945701043e-002	1.925503e+001
5.151075334947947e-002	1.933971e+001
5.152772434701231e-002	1.941880e+001
5.155076044244156e-002	1.950279e+001
5.157842588540823e-002	1.957972e+001
5.161566304597898e-002	1.965197e+001
5.165758623193073e-002	1.968537e+001
5.170485636618394e-002	1.963186e+001
5.177208073882800e-002	1.938750e+001
5.183292374173487e-002	1.898336e+001
5.191292374173490e-002	1.819253e+001
5.199292374173492e-002	1.715793e+001
5.207292374173494e-002	1.590329e+001
5.215292374173497e-002	1.448146e+001
5.223292374173499e-002	1.295561e+001
5.231292374173502e-002	1.139841e+001
5.239292374173504e-002	9.890153e+000
5.247292374173507e-002	8.516133e+000
5.255292374173509e-002	7.363081e+000
5.263292374173512e-002	6.514895e+000
5.271292374173514e-002	6.047839e+000
5.279292374173517e-002	6.025620e+000
5.287292374173519e-002	6.494750e+000
5.295292374173521e-002	7.480420e+000
5.303292374173524e-002	8.982677e+000
5.311292374173526e-002	1.097186e+001
5.319292374173529e-002	1.337753e+001
5.327292374173531e-002	1.605391e+001
5.332679059158740e-002	1.786032e+001
5.335344857894619e-002	1.856603e+001
5.338230773132263e-002	1.904477e+001
5.338904686926876e-002	1.911629e+001
5.339992972271557e-002	1.920227e+001
5.341046530131499e-002	1.927262e+001
5.342595932763777e-002	1.935669e+001
5.344711444540007e-002	1.944860e+001
5.346863210938496e-002	1.952108e+001
5.350103924764216e-002	1.960376e+001
5.353489902180603e-002	1.966245e+001
5.357793083102125e-002	1.968569e+001
5.362354726252511e-002	1.962699e+001
5.367957426591663e-002	1.941956e+001
5.374314699990512e-002	1.900001e+001
5.382314699990515e-002	1.821970e+001
5.390314699990517e-002	1.719178e+001
5.398314699990520e-002	1.594221e+001
5.406314699990522e-002	1.452355e+001
5.414314699990525e-002	1.299870e+001
5.422314699990527e-002	1.144011e+001
5.430314699990529e-002	9.927951e+000
5.438314699990532e-002	8.547470e+000
5.446314699990534e-002	7.385492e+000
5.454314699990537e-002	6.526145e+000
5.462314699990539e-002	6.046067e+000
5.470314699990542e-002	6.009472e+000
5.478314699990544e-002	6.463505e+000
5.486314699990547e-002	7.434084e+000
5.494314699990549e-002	8.922089e+000
5.502314699990551e-002	1.089885e+001
5.510314699990554e-002	1.329544e+001
5.518314699990556e-002	1.596708e+001
5.524033924126776e-002	1.789231e+001
5.526508511972450e-002	1.854780e+001
5.529558494907561e-002	1.905185e+001
5.530206307916419e-002	1.912068e+001
5.531291626790319e-002	1.920558e+001
5.532319645340034e-002	1.927326e+001
5.534123719485218e-002	1.937000e+001
5.535896346459723e-002	1.944556e+001
5.538636308189299e-002	1.953535e+001
5.541571485720587e-002	1.960744e+001
5.545756369927807e-002	1.967166e+001
5.550143116944772e-002	1.967902e+001
5.555039729545885e-002	1.958651e+001
5.560974669565305e-002	1.932232e+001
5.567544332975366e-002	1.883405e+001
5.575544332975368e-002	1.798762e+001
5.583544332975371e-002	1.690095e+001
5.591544332975373e-002	1.560477e+001
5.599544332975376e-002	1.415393e+001
5.607544332975378e-002	1.261386e+001
5.615544332975381e-002	1.105919e+001
5.623544332975383e-002	9.571610e+000
5.631544332975386e-002	8.237114e+000
5.639544332975388e-002	7.142277e+000
5.647544332975391e-002	6.369833e+000
5.655544332975393e-002	5.993807e+000
5.663544332975395e-002	6.074615e+000
5.671544332975398e-002	6.654528e+000
5.679544332975400e-002	7.753645e+000
5.687544332975403e-002	9.366050e+000
5.695544332975405e-002	1.145475e+001
5.703544332975408e-002	1.393693e+001
5.711544332975410e-002	1.665361e+001
5.715391960739663e-002	1.794529e+001
5.717653812377382e-002	1.854652e+001
5.720290145119006e-002	1.899816e+001
5.720989444763464e-002	1.907744e+001
5.721952030414002e-002	1.915987e+001
5.723068682329241e-002	1.924099e+001
5.724382708586295e-002	1.931964e+001
5.726178323318948e-002	1.940668e+001
5.728067865905845e-002	1.947914e+001
5.730879881046952e-002	1.956269e+001
5.733893719701388e-002	1.962931e+001
5.737934458138944e-002	1.968032e+001
5.742288317101602e-002	1.966840e+001
5.747872225059730e-002	1.952658e+001
5.754364754994923e-002	1.918173e+001
5.761338885226114e-002	1.859293e+001
5.769338885226116e-002	1.766484e+001
5.777338885226119e-002	1.650522e+001
5.785338885226121e-002	1.515243e+001
5.793338885226124e-002	1.366488e+001
5.801338885226126e-002	1.211110e+001
5.809338885226129e-002	1.056826e+001
5.817338885226131e-002	9.119833e+000
5.825338885226133e-002	7.852448e+000
5.833338885226136e-002	6.852006e+000
5.841338885226138e-002	6.199029e+000
5.849338885226141e-002	5.963723e+000
5.857338885226143e-002	6.201170e+000
5.865338885226146e-002	6.946957e+000
5.873338885226148e-002	8.213272e+000
5.881338885226151e-002	9.984913e+000
5.889338885226153e-002	1.221237e+001
5.897338885226156e-002	1.478697e+001
5.905338885226158e-002	1.745714e+001
5.909320310596233e-002	1.853038e+001
5.912939415991525e-002	1.912554e+001
5.913679753031947e-002	1.919612e+001
5.914714834056739e-002	1.926592e+001
5.915836796753088e-002	1.932930e+001
5.917975962784083e-002	1.942702e+001
5.920132370368769e-002	1.950410e+001
5.923399069726598e-002	1.959185e+001
5.926830991424159e-002	1.965448e+001
5.931504534918675e-002	1.968376e+001
5.936059394621229e-002	1.962883e+001
5.941626079530682e-002	1.942609e+001
5.947963709028858e-002	1.901200e+001
5.955963709028861e-002	1.823697e+001
5.963963709028863e-002	1.721378e+001
5.971963709028866e-002	1.596795e+001
5.979963709028868e-002	1.455184e+001
5.987963709028871e-002	1.302816e+001
5.995963709028873e-002	1.146919e+001
6.003963709028876e-002	9.955008e+000
6.011963709028878e-002	8.570807e+000
6.019963709028880e-002	7.403442e+000
6.027963709028883e-002	6.537161e+000
6.035963709028885e-002	6.048816e+000
6.043963709028888e-002	6.002932e+000
6.051963709028890e-002	6.447044e+000
6.059963709028893e-002	7.407537e+000
6.067963709028895e-002	8.885824e+000
6.075963709028898e-002	1.085388e+001
6.083963709028900e-002	1.324377e+001
6.091963709028903e-002	1.591118e+001
6.097921651730964e-002	1.790355e+001
6.100553525094282e-002	1.860392e+001
6.102888080803420e-002	1.899879e+001
6.103533569712200e-002	1.907063e+001
6.104592226581918e-002	1.916194e+001
6.105634837443219e-002	1.923800e+001
6.107079128999476e-002	1.932422e+001
6.108859521548893e-002	1.940994e+001
6.110897302980045e-002	1.948642e+001
6.114014274379537e-002	1.957603e+001
6.117142294229760e-002	1.964082e+001
6.121355369249210e-002	1.968427e+001
6.125779506899565e-002	1.965430e+001
6.131877177045819e-002	1.946374e+001
6.138741017884436e-002	1.904545e+001
6.146452516066098e-002	1.832367e+001
6.154452516066100e-002	1.732128e+001
6.162452516066103e-002	1.609435e+001
6.170452516066105e-002	1.469163e+001
6.178452516066108e-002	1.317488e+001
6.186452516066110e-002	1.161555e+001
6.194452516066112e-002	1.009311e+001
6.202452516066115e-002	8.692430e+000
6.210452516066117e-002	7.500405e+000
6.218452516066120e-002	6.601759e+000
6.226452516066122e-002	6.074288e+000
6.234452516066125e-002	5.983923e+000
6.242452516066127e-002	6.380019e+000
6.250452516066130e-002	7.291151e+000
6.258452516066132e-002	8.721285e+000
6.266452516066134e-002	1.064544e+001
6.274452516066137e-002	1.300033e+001
6.282452516066139e-002	1.562830e+001
6.290452516066142e-002	1.818814e+001
6.293216296913246e-002	1.884134e+001
6.294550802739118e-002	1.902482e+001
6.295967821388421e-002	1.915791e+001
6.297001866337543e-002	1.923619e+001
6.298215267005669e-002	1.931078e+001
6.299827710387446e-002	1.939255e+001
6.301378396321189e-002	1.945589e+001
6.303956007253453e-002	1.953930e+001
6.306439030406552e-002	1.960129e+001
6.310390932380844e-002	1.966800e+001
6.314220504446816e-002	1.968143e+001
6.320185618663060e-002	1.957399e+001
6.326948344869782e-002	1.926802e+001
6.333577824336223e-002	1.875632e+001
6.341577824336225e-002	1.788128e+001
6.349577824336228e-002	1.676961e+001
6.357577824336230e-002	1.545392e+001
6.365577824336233e-002	1.399026e+001
6.373577824336235e-002	1.244511e+001
6.381577824336238e-002	1.089396e+001
6.389577824336240e-002	9.419116e+000
6.397577824336242e-002	8.106802e+000
6.405577824336245e-002	7.043386e+000
6.413577824336247e-002	6.310877e+000
6.421577824336250e-002	5.982036e+000
6.429577824336252e-002	6.115499e+000
6.437577824336255e-002	6.751305e+000
6.445577824336257e-002	7.906900e+000
6.453577824336260e-002	9.573277e+000
6.461577824336262e-002	1.170908e+001
6.469577824336265e-002	1.422384e+001
6.477577824336267e-002	1.690725e+001
6.482655253632491e-002	1.844486e+001
6.484918424508435e-002	1.891849e+001
6.485660931600890e-002	1.901223e+001
6.486779952624577e-002	1.911853e+001
6.487997238259313e-002	1.921496e+001
6.489265572366049e-002	1.929692e+001
6.490821177730588e-002	1.937795e+001
6.492793961402615e-002	1.945943e+001
6.495349316455429e-002	1.954110e+001
6.498589625392132e-002	1.961803e+001
6.502564286683144e-002	1.967457e+001
6.507152565883068e-002	1.967396e+001
6.512071054377278e-002	1.956892e+001
6.518202431333930e-002	1.927650e+001
6.524905818424770e-002	1.875518e+001
6.532905818424772e-002	1.788080e+001
6.540905818424775e-002	1.676916e+001
6.548905818424777e-002	1.545356e+001
6.556905818424780e-002	1.399005e+001
6.564905818424782e-002	1.244509e+001
6.572905818424785e-002	1.089417e+001
6.580905818424787e-002	9.419558e+000
6.588905818424790e-002	8.107479e+000
6.596905818424792e-002	7.044277e+000
6.604905818424794e-002	6.311944e+000
6.612905818424797e-002	5.983221e+000
6.620905818424799e-002	6.116730e+000
6.628905818424802e-002	6.752496e+000
6.636905818424804e-002	7.907958e+000
6.644905818424807e-002	9.574100e+000
6.652905818424809e-002	1.170957e+001
6.660905818424812e-002	1.422392e+001
6.668905818424814e-002	1.694905e+001
6.672381051383408e-002	1.809653e+001
6.674387752020999e-002	1.862346e+001
6.675994373393612e-002	1.890678e+001
6.676571926569813e-002	1.897886e+001
6.677493880378260e-002	1.907234e+001
6.678599422581133e-002	1.916781e+001
6.679768374746781e-002	1.925132e+001
6.681274573560303e-002	1.933907e+001
6.682896549846845e-002	1.941447e+001
6.685410329620828e-002	1.950583e+001
6.687982908533208e-002	1.957689e+001
6.692148910140811e-002	1.965676e+001
6.696033549864716e-002	1.968530e+001
6.701065116624455e-002	1.962711e+001
6.707063399724550e-002	1.941025e+001
6.713393583308852e-002	1.899200e+001
6.721393583308855e-002	1.820781e+001
6.729393583308857e-002	1.717656e+001
6.737393583308859e-002	1.592409e+001
6.745393583308862e-002	1.450310e+001
6.753393583308864e-002	1.297666e+001
6.761393583308867e-002	1.141736e+001
6.769393583308869e-002	9.905495e+000
6.777393583308872e-002	8.526410e+000
6.785393583308874e-002	7.366974e+000
6.793393583308877e-002	6.511309e+000
6.801393583308879e-002	6.035978e+000
6.809393583308881e-002	6.005061e+000
6.817393583308884e-002	6.465497e+000
6.825393583308886e-002	7.442946e+000
6.833393583308889e-002	8.937964e+000
6.841393583308891e-002	1.092148e+001
6.849393583308894e-002	1.332392e+001
6.857393583308896e-002	1.600006e+001
6.862968381071405e-002	1.786169e+001
6.865780694133700e-002	1.860891e+001
6.868132050126607e-002	1.900562e+001
6.868807582450015e-002	1.907971e+001
6.869878997805340e-002	1.917061e+001
6.870931242219863e-002	1.924605e+001
6.872361407028765e-002	1.932973e+001
6.874272141733384e-002	1.941981e+001
6.876252084802509e-002	1.949281e+001
6.879261390181191e-002	1.957794e+001
6.882395139073178e-002	1.964221e+001
6.886538518132962e-002	1.968449e+001
6.890966104378482e-002	1.965343e+001
6.897189466443265e-002	1.945698e+001
6.904020237075104e-002	1.903749e+001
6.911774172380175e-002	1.830710e+001
6.919774172380178e-002	1.730041e+001
6.927774172380180e-002	1.606961e+001
6.935774172380183e-002	1.466402e+001
6.943774172380185e-002	1.314561e+001
6.951774172380187e-002	1.158601e+001
6.959774172380190e-002	1.006482e+001
6.967774172380192e-002	8.667000e+000
6.975774172380195e-002	7.479451e+000
6.983774172380197e-002	6.586832e+000
6.991774172380200e-002	6.066779e+000
6.999774172380202e-002	5.984968e+000
7.007774172380205e-002	6.390419e+000
7.015774172380207e-002	7.311291e+000
7.023774172380209e-002	8.751062e+000
7.031774172380212e-002	1.068417e+001
7.039774172380214e-002	1.304643e+001
7.047774172380217e-002	1.569429e+001
7.054725289361169e-002	1.799379e+001
7.057356481701960e-002	1.868167e+001
7.059085957352956e-002	1.896772e+001
7.059816834506716e-002	1.904960e+001
7.060846896728057e-002	1.914272e+001
7.061846906502711e-002	1.921931e+001
7.063114433217815e-002	1.929997e+001
7.064549125582120e-002	1.937464e+001
7.066566653090295e-002	1.945876e+001
7.068761196300383e-002	1.953046e+001
7.071956942101965e-002	1.960979e+001
7.075402575167877e-002	1.966656e+001
7.079710261644279e-002	1.968446e+001
7.084254998407796e-002	1.961780e+001
7.090038770825657e-002	1.939056e+001
7.096526580999624e-002	1.894576e+001
7.104526580999626e-002	1.814365e+001
7.112526580999629e-002	1.709555e+001
7.120526580999631e-002	1.582970e+001
7.128526580999633e-002	1.439955e+001
7.136526580999636e-002	1.286887e+001
7.144526580999638e-002	1.131083e+001
7.152526580999641e-002	9.806143e+000
7.160526580999643e-002	8.440353e+000
7.168526580999646e-002	7.300244e+000
7.176526580999648e-002	6.469522e+000
7.184526580999651e-002	6.023990e+000
7.192526580999653e-002	6.026628e+000
7.200526580999656e-002	6.522975e+000
7.208526580999658e-002	7.537020e+000
7.216526580999660e-002	9.067383e+000
7.224526580999663e-002	1.108265e+001
7.232526580999665e-002	1.350952e+001
7.240526580999668e-002	1.619979e+001
7.245380292529785e-002	1.784538e+001
7.247785634973852e-002	1.849525e+001
7.250931703292718e-002	1.903723e+001
7.251519018175523e-002	1.910235e+001
7.252595132127065e-002	1.918918e+001
7.253651147306939e-002	1.926136e+001
7.255240645608369e-002	1.934994e+001
7.257119215137431e-002	1.943379e+001
7.259423410155969e-002	1.951337e+001
7.262648004281369e-002	1.959783e+001
7.266158829640118e-002	1.965840e+001
7.271022308568431e-002	1.968192e+001
7.275465415725718e-002	1.961939e+001
7.281090795726930e-002	1.940123e+001
7.287461789005034e-002	1.897023e+001
7.295461789005037e-002	1.817718e+001
7.303461789005039e-002	1.713787e+001
7.311461789005042e-002	1.587897e+001
7.319461789005044e-002	1.445355e+001
7.327461789005046e-002	1.292501e+001
7.335461789005049e-002	1.136624e+001
7.343461789005051e-002	9.857731e+000
7.351461789005054e-002	8.484939e+000
7.359461789005056e-002	7.334697e+000
7.367461789005059e-002	6.490938e+000
7.375461789005061e-002	6.029868e+000
7.383461789005064e-002	6.015047e+000
7.391461789005066e-002	6.492747e+000
7.399461789005069e-002	7.487830e+000
7.407461789005071e-002	8.999928e+000
7.415461789005073e-002	1.099884e+001
7.423461789005076e-002	1.341324e+001
7.431461789005078e-002	1.609662e+001
7.436663936229832e-002	1.785295e+001
7.439186351651750e-002	1.852862e+001
7.442215877416064e-002	1.904030e+001
7.442887058609093e-002	1.911293e+001
7.443932582014012e-002	1.919613e+001
7.445000354307896e-002	1.926802e+001
7.446545144175187e-002	1.935278e+001
7.448598215455110e-002	1.944296e+001
7.450783064149269e-002	1.951692e+001
7.454363920878426e-002	1.960817e+001
7.457674300378270e-002	1.966446e+001
7.461995518195114e-002	1.968493e+001
7.466554359652994e-002	1.962244e+001
7.472236313335245e-002	1.940600e+001
7.478653049224454e-002	1.897470e+001
7.486653049224457e-002	1.818398e+001
7.494653049224459e-002	1.714632e+001
7.502653049224461e-002	1.588873e+001
7.510653049224464e-002	1.446423e+001
7.518653049224466e-002	1.293614e+001
7.526653049224469e-002	1.137727e+001
7.534653049224471e-002	9.868097e+000
7.542653049224474e-002	8.494039e+000
7.550653049224476e-002	7.341938e+000
7.558653049224479e-002	6.495760e+000
7.566653049224481e-002	6.031787e+000
7.574653049224484e-002	6.013681e+000
7.582653049224486e-002	6.487851e+000
7.590653049224488e-002	7.479319e+000
7.598653049224491e-002	8.987905e+000
7.606653049224493e-002	1.098364e+001
7.614653049224496e-002	1.339556e+001
7.622653049224498e-002	1.607743e+001
7.627925508529415e-002	1.785876e+001
7.630409193970994e-002	1.852406e+001
7.633482003292286e-002	1.904337e+001
7.634102858850661e-002	1.911073e+001
7.635179796124053e-002	1.919644e+001
7.636224656443480e-002	1.926681e+001
7.637837203790054e-002	1.935530e+001
7.639767494847594e-002	1.944009e+001
7.642089264187940e-002	1.951881e+001
7.645404761557340e-002	1.960375e+001
7.648923142234604e-002	1.966345e+001
7.653374664116347e-002	1.968376e+001
7.657960311656964e-002	1.961845e+001
7.663639550578616e-002	1.939799e+001
7.670049418968472e-002	1.896248e+001
7.678049418968475e-002	1.816643e+001
7.686049418968477e-002	1.712419e+001
7.694049418968479e-002	1.586294e+001
7.702049418968482e-002	1.443589e+001
7.710049418968484e-002	1.290657e+001
7.718049418968487e-002	1.134796e+001
7.726049418968489e-002	9.840636e+000
7.734049418968492e-002	8.470085e+000
7.742049418968494e-002	7.323132e+000
7.750049418968497e-002	6.483640e+000
7.758049418968499e-002	6.027689e+000
7.766049418968501e-002	6.018651e+000
7.774049418968504e-002	6.502559e+000
7.782049418968506e-002	7.503987e+000
7.790049418968509e-002	9.022235e+000
7.798049418968511e-002	1.102670e+001
7.806049418968514e-002	1.344540e+001
7.814049418968516e-002	1.613128e+001
7.819128450978768e-002	1.784760e+001
7.821637970709361e-002	1.852157e+001
7.824678878278563e-002	1.903794e+001
7.825350544860571e-002	1.911102e+001
7.826387949090075e-002	1.919390e+001
7.827462978593980e-002	1.926660e+001
7.828984302621078e-002	1.935045e+001
7.831055997978625e-002	1.944189e+001
7.833200160242310e-002	1.951532e+001
7.836452574846986e-002	1.959977e+001
7.839816922637094e-002	1.965968e+001
7.844121945510074e-002	1.968579e+001
7.848674051974458e-002	1.963122e+001
7.854267821150129e-002	1.942954e+001
7.860626543053834e-002	1.901602e+001
7.868626543053836e-002	1.824282e+001
7.876626543053839e-002	1.722100e+001
7.884626543053841e-002	1.597625e+001
7.892626543053843e-002	1.456083e+001
7.900626543053846e-002	1.303743e+001
7.908626543053848e-002	1.147829e+001
7.916626543053851e-002	9.963443e+000
7.924626543053853e-002	8.578088e+000
7.932626543053856e-002	7.409088e+000
7.940626543053858e-002	6.540735e+000
7.948626543053861e-002	6.049950e+000
7.956626543053863e-002	6.001351e+000
7.964626543053865e-002	6.442594e+000
7.972626543053868e-002	7.400198e+000
7.980626543053870e-002	8.875738e+000
7.988626543053873e-002	1.084137e+001
7.996626543053875e-002	1.318910e+001
8.000000000000002e-002	1.428019e+001