Frecuencia	Ganancia	Fase
1.00000000000000e+000	-1.74580904784899e+001	-4.53017156310223e+001
1.07977516232771e+000	-1.64715059656678e+001	-4.73058980350059e+001
1.16591440117983e+000	-1.55043237945621e+001	-4.92811385257503e+001
1.25892541179417e+000	-1.45551147737817e+001	-5.12196803254947e+001
1.35935639087853e+000	-1.36222091278120e+001	-5.31157912175971e+001
1.46779926762207e+000	-1.27037558349848e+001	-5.49660901683089e+001
1.58489319246111e+000	-1.17977912828415e+001	-5.67697939719940e+001
1.71132830416178e+000	-1.09023146669091e+001	-5.85288761099030e+001
1.84784979742229e+000	-1.00153677424671e+001	-6.02481332643097e+001
1.99526231496888e+000	-9.13511675180041e+000	-6.19351565198573e+001
2.15443469003188e+000	-8.25993444380628e+000	-6.36002045886806e+001
2.32630506715363e+000	-7.38847998503971e+000	-6.52559762410107e+001
2.51188643150958e+000	-6.51977421849522e+000	-6.69172795455640e+001
2.71227257933203e+000	-5.65326723131995e+000	-6.86005974876099e+001
2.92864456462524e+000	-4.78889468962674e+000	-7.03235536563290e+001
3.16227766016838e+000	-3.92711907080328e+000	-7.21042880497394e+001
3.41454887383360e+000	-3.06895194780665e+000	-7.39607610861466e+001
3.68694506451958e+000	-2.21595398036633e+000	-7.59100125421201e+001
3.98107170553497e+000	-1.37021028119447e+000	-7.79674099484872e+001
4.29866234708228e+000	-5.34280286277985e-001	-8.01459265569134e+001
4.64158883361278e+000	2.88876985629779e-001	-8.24554912454285e+001
5.01187233627272e+000	1.09599955458961e+000	-8.49024510992742e+001
5.41169526546464e+000	1.88363653551398e+000	-8.74891819171102e+001
5.84341413373518e+000	2.64827378133105e+000	-9.02138731020556e+001
6.30957344480193e+000	3.38646431891989e+000	-9.30705022020822e+001
6.81292069057961e+000	4.09495636909990e+000	-9.60490018391765e+001
7.35642254459641e+000	4.77081188498578e+000	-9.91356090233436e+001
7.94328234724281e+000	5.41150921986565e+000	-1.02313374945460e+002
8.57695898590894e+000	6.01502468214808e+000	-1.05562803229911e+002
9.26118728128793e+000	6.57988925107571e+000	-1.08862577087552e+002
1.00000000000000e+001	7.10521848485770e+000	-1.12190331411569e+002
1.07977516232771e+001	7.59071550493400e+000	-1.15523424915013e+002
1.16591440117983e+001	8.03664872990312e+000	-1.18839669941126e+002
1.25892541179417e+001	8.44380760616976e+000	-1.22117983298274e+002
1.35935639087853e+001	8.81344080391822e+000	-1.25338929782287e+002
1.46779926762207e+001	9.14718211419023e+000	-1.28485140071567e+002
1.58489319246111e+001	9.44696954432835e+000	-1.31541595337825e+002
1.71132830416178e+001	9.71496287526655e+000	-1.34495781072432e+002
1.84784979742229e+001	9.95346428843973e+000	-1.37337721267594e+002
1.99526231496888e+001	1.01648457147479e+001	-1.40059910478757e+002
2.15443469003188e+001	1.03514854516545e+001	-1.42657165084032e+002
2.32630506715363e+001	1.05157154824109e+001	-1.45126416303831e+002
2.51188643150958e+001	1.06597799331668e+001	-1.47466466633372e+002
2.71227257933203e+001	1.07858042976666e+001	-1.49677728855726e+002
2.92864456462524e+001	1.08957744800538e+001	-1.51761963386505e+002
3.16227766016838e+001	1.09915243513008e+001	-1.53722025939805e+002
3.41454887383360e+001	1.10747303546465e+001	-1.55561633857867e+002
3.68694506451957e+001	1.11469116875807e+001	-1.57285156219092e+002
3.98107170553497e+001	1.12094346858563e+001	-1.58897430190700e+002
4.29866234708228e+001	1.12635201968989e+001	-1.60403604067351e+002
4.64158883361278e+001	1.13102529213356e+001	-1.61809005999776e+002
5.01187233627272e+001	1.13505918971862e+001	-1.63119036486464e+002
5.41169526546464e+001	1.13853814852696e+001	-1.64339082176461e+002
5.84341413373518e+001	1.14153623767966e+001	-1.65474448311778e+002
6.30957344480193e+001	1.14411822815181e+001	-1.66530307133812e+002
6.81292069057961e+001	1.14634060661175e+001	-1.67511659715124e+002
7.35642254459641e+001	1.14825252001733e+001	-1.68423308898070e+002
7.94328234724281e+001	1.14989664334566e+001	-1.69269841282751e+002
8.57695898590894e+001	1.15130996772649e+001	-1.70055616478981e+002
9.26118728128793e+001	1.15252450971160e+001	-1.70784762101393e+002
1.00000000000000e+002	1.15356794475594e+001	-1.71461173231778e+002
1.07977516232771e+002	1.15446416947063e+001	-1.72088515292479e+002
1.16591440117983e+002	1.15523379805474e+001	-1.72670229466845e+002
1.25892541179417e+002	1.15589459869508e+001	-1.73209539967695e+002
1.35935639087853e+002	1.15646187578496e+001	-1.73709462594093e+002
1.46779926762207e+002	1.15694880364715e+001	-1.74172814133040e+002
1.58489319246111e+002	1.15736671715210e+001	-1.74602222258624e+002
1.71132830416178e+002	1.15772536423283e+001	-1.75000135659651e+002
1.84784979742229e+002	1.15803312487888e+001	-1.75368834190353e+002
1.99526231496888e+002	1.15829720075226e+001	-1.75710438889967e+002
2.15443469003188e+002	1.15852377914227e+001	-1.76026921757784e+002
2.32630506715363e+002	1.15871817456521e+001	-1.76320115202670e+002
2.51188643150958e+002	1.15888495093616e+001	-1.76591721111501e+002
2.71227257933203e+002	1.15902802688760e+001	-1.76843319500812e+002
2.92864456462524e+002	1.15915076649433e+001	-1.77076376731312e+002
3.16227766016838e+002	1.15925605737665e+001	-1.77292253276638e+002
3.41454887383360e+002	1.15934637790436e+001	-1.77492211046583e+002
3.68694506451957e+002	1.15942385499468e+001	-1.77677420271606e+002
3.98107170553497e+002	1.15949031379940e+001	-1.77848965960196e+002
4.29866234708228e+002	1.15954732041064e+001	-1.78007853944050e+002
4.64158883361278e+002	1.15959621854919e+001	-1.78155016528271e+002
5.01187233627272e+002	1.15963816107891e+001	-1.78291317765222e+002
5.41169526546464e+002	1.15967413707270e+001	-1.78417558371461e+002
5.84341413373517e+002	1.15970499504896e+001	-1.78534480307430e+002
6.30957344480193e+002	1.15973146292229e+001	-1.78642771039518e+002
6.81292069057961e+002	1.15975416512809e+001	-1.78743067503722e+002
7.35642254459641e+002	1.15977363731960e+001	-1.78835959789599e+002
7.94328234724281e+002	1.15979033898185e+001	-1.78921994562513e+002
8.57695898590894e+002	1.15980466425469e+001	-1.79001678241380e+002
9.26118728128793e+002	1.15981695122241e+001	-1.79075479948296e+002
1.00000000000000e+003	1.15982748988050e+001	-1.79143834245566e+002
1.07977516232771e+003	1.15983652897361e+001	-1.79207143674780e+002
1.16591440117983e+003	1.15984428186161e+001	-1.79265781111727e+002
1.25892541179417e+003	1.15985093155172e+001	-1.79320091950077e+002
1.35935639087853e+003	1.15985663501425e+001	-1.79370396125977e+002
1.46779926762207e+003	1.15986152688805e+001	-1.79416989994876e+002
1.58489319246111e+003	1.15986572265518e+001	-1.79460148071199e+002
1.71132830416178e+003	1.15986932136644e+001	-1.79500124640721e+002
1.84784979742229e+003	1.15987240798037e+001	-1.79537155254880e+002
1.99526231496888e+003	1.15987505536568e+001	-1.79571458115563e+002
2.15443469003188e+003	1.15987732602357e+001	-1.79603235358375e+002
2.32630506715363e+003	1.15987927356126e+001	-1.79632674241780e+002
2.51188643150958e+003	1.15988094395800e+001	-1.79659948249022e+002
2.71227257933203e+003	1.15988237665052e+001	-1.79685218109213e+002
2.92864456462524e+003	1.15988360546391e+001	-1.79708632743539e+002
3.16227766016838e+003	1.15988465940948e+001	-1.79730330142102e+002
3.41454887383360e+003	1.15988556337071e+001	-1.79750438176519e+002
3.68694506451957e+003	1.15988633868952e+001	-1.79769075353021e+002
3.98107170553497e+003	1.15988700367139e+001	-1.79786351510476e+002
4.29866234708228e+003	1.15988757401619e+001	-1.79802368467413e+002
4.64158883361278e+003	1.15988806318985e+001	-1.79817220621852e+002
5.01187233627272e+003	1.15988848274166e+001	-1.79830995507451e+002
5.41169526546464e+003	1.15988884257720e+001	-1.79843774309247e+002
5.84341413373518e+003	1.15988915119226e+001	-1.79855632342008e+002
6.30957344480193e+003	1.15988941587300e+001	-1.79866639494018e+002
6.81292069057961e+003	1.15988964286918e+001	-1.79876860638908e+002
7.35642254459641e+003	1.15988983753978e+001	-1.79886356017938e+002
7.94328234724281e+003	1.15989000448110e+001	-1.79895181595001e+002
8.57695898590894e+003	1.15989014763458e+001	-1.79903389386418e+002
9.26118728128794e+003	1.15989027038014e+001	-1.79911027767491e+002
1.00000000000000e+004	1.15989037561606e+001	-1.79918141757581e+002
1.07977516232771e+004	1.15989046582654e+001	-1.79924773285438e+002
1.16591440117983e+004	1.15989054314161e+001	-1.79930961436293e+002
1.25892541179417e+004	1.15989060938711e+001	-1.79936742682227e+002
1.35935639087853e+004	1.15989066612667e+001	-1.79942151097099e+002
1.46779926762207e+004	1.15989071470004e+001	-1.79947218557380e+002
1.58489319246111e+004	1.15989075625410e+001	-1.79951974930029e+002
1.71132830416178e+004	1.15989079176975e+001	-1.79956448248494e+002
1.84784979742229e+004	1.15989082208588e+001	-1.79960664877964e+002
1.99526231496888e+004	1.15989084791790e+001	-1.79964649670735e+002
2.15443469003188e+004	1.15989086987606e+001	-1.79968426112695e+002
2.32630506715363e+004	1.15989088847856e+001	-1.79972016461752e+002
2.51188643150958e+004	1.15989090416453e+001	-1.79975441878996e+002
2.71227257933203e+004	1.15989091730475e+001	-1.79978722553446e+002
2.92864456462524e+004	1.15989092820907e+001	-1.79981877821021e+002
3.16227766016838e+004	1.15989093713492e+001	-1.79984926278504e+002
3.41454887383360e+004	1.15989094429345e+001	-1.79987885893156e+002
3.68694506451958e+004	1.15989094985312e+001	-1.79990774108619e+002
3.98107170553497e+004	1.15989095394543e+001	-1.79993607947714e+002
4.29866234708228e+004	1.15989095666724e+001	-1.79996404112753e+002
4.64158883361278e+004	1.15989095808261e+001	-1.79999179084040e+002
5.01187233627272e+004	1.15989095822499e+001	1.79998050783059e+002
5.41169526546464e+004	1.15989095709757e+001	1.79995269161699e+002
5.84341413373518e+004	1.15989095467389e+001	1.79992459657304e+002
6.30957344480193e+004	1.15989095089692e+001	1.79989605710983e+002
6.81292069057961e+004	1.15989094567699e+001	1.79986690501878e+002
7.35642254459641e+004	1.15989093889136e+001	1.79983696848088e+002
7.94328234724282e+004	1.15989093037966e+001	1.79980607105358e+002
8.57695898590894e+004	1.15989091994079e+001	1.79977403063079e+002
9.26118728128793e+004	1.15989090732823e+001	1.79974065837024e+002
1.00000000000000e+005	1.15989089224444e+001	1.79970575757952e+002
1.07977516232771e+005	1.15989087433315e+001	1.79966912255741e+002
1.16591440117983e+005	1.15989085317156e+001	1.79963053738156e+002
1.25892541179417e+005	1.15989082825982e+001	1.79958977463569e+002
1.35935639087853e+005	1.15989079901001e+001	1.79954659406866e+002
1.46779926762207e+005	1.15989076473155e+001	1.79950074118022e+002
1.58489319246111e+005	1.15989072461480e+001	1.79945194571905e+002
1.71132830416178e+005	1.15989067771302e+001	1.79939992009119e+002
1.84784979742229e+005	1.15989062291837e+001	1.79934435766414e+002
1.99526231496888e+005	1.15989055893754e+001	1.79928493096133e+002
2.15443469003188e+005	1.15989048425971e+001	1.79922128973026e+002
2.32630506715363e+005	1.15989039712196e+001	1.79915305887870e+002
2.51188643150958e+005	1.15989029546663e+001	1.79907983626512e+002
2.71227257933203e+005	1.15989017689382e+001	1.79900119032780e+002
2.92864456462524e+005	1.15989003860385e+001	1.79891665754139e+002
3.16227766016838e+005	1.15988987733190e+001	1.79882573968536e+002
3.41454887383360e+005	1.15988968927024e+001	1.79872790090852e+002
3.68694506451958e+005	1.15988946997855e+001	1.79862256456986e+002
3.98107170553497e+005	1.15988921427948e+001	1.79850910984230e+002
4.29866234708228e+005	1.15988891613593e+001	1.79838686805192e+002
4.64158883361278e+005	1.15988856850884e+001	1.79825511874124e+002
5.01187233627272e+005	1.15988816319069e+001	1.79811308541954e+002
5.41169526546464e+005	1.15988769061215e+001	1.79795993099235e+002
5.84341413373517e+005	1.15988713961547e+001	1.79779475282502e+002
6.30957344480193e+005	1.15988649719211e+001	1.79761657742872e+002
6.81292069057961e+005	1.15988574817430e+001	1.79742435472327e+002
7.35642254459641e+005	1.15988487487868e+001	1.79721695185382e+002
7.94328234724281e+005	1.15988385668688e+001	1.79699314651417e+002
8.57695898590894e+005	1.15988266956065e+001	1.79675161975231e+002
9.26118728128793e+005	1.15988128547291e+001	1.79649094820572e+002
1.00000000000000e+006	1.15987967174731e+001	1.79620959571175e+002
1.07977516232771e+006	1.15987779028633e+001	1.79590590427405e+002
1.16591440117983e+006	1.15987559667219e+001	1.79557808430196e+002
1.25892541179417e+006	1.15987303911841e+001	1.79522420407948e+002
1.35935639087853e+006	1.15987005724790e+001	1.79484217840131e+002
1.46779926762207e+006	1.15986658066821e+001	1.79442975631440e+002
1.58489319246111e+006	1.15986252731000e+001	1.79398450788207e+002
1.71132830416178e+006	1.15985780149137e+001	1.79350380991343e+002
1.84784979742229e+006	1.15985229165968e+001	1.79298483054828e+002
1.99526231496888e+006	1.15984586776144e+001	1.79242451264743e+002
2.15443469003188e+006	1.15983837817378e+001	1.79181955585526e+002
2.32630506715363e+006	1.15982964612990e+001	1.79116639726574e+002
2.51188643150958e+006	1.15981946555128e+001	1.79046119055438e+002
2.71227257933203e+006	1.15980759619090e+001	1.78969978349913e+002
2.92864456462524e+006	1.15979375797140e+001	1.78887769371907e+002
3.16227766016838e+006	1.15977762438887e+001	1.78799008253632e+002
3.41454887383360e+006	1.15975881482386e+001	1.78703172682001e+002
3.68694506451957e+006	1.15973688558419e+001	1.78599698863142e+002
3.98107170553497e+006	1.15971131946702e+001	1.78487978256387e+002
4.29866234708228e+006	1.15968151360078e+001	1.78367354058656e+002
4.64158883361278e+006	1.15964676528207e+001	1.78237117418737e+002
5.01187233627272e+006	1.15960625548211e+001	1.78096503375520e+002
5.41169526546464e+006	1.15955902963919e+001	1.77944686482496e+002
5.84341413373517e+006	1.15950397530334e+001	1.77780776128037e+002
6.30957344480193e+006	1.15943979611079e+001	1.77603811499151e+002
6.81292069057961e+006	1.15936498150890e+001	1.77412756202857e+002
7.35642254459641e+006	1.15927777153853e+001	1.77206492505226e+002
7.94328234724281e+006	1.15917611589151e+001	1.76983815186099e+002
8.57695898590894e+006	1.15905762632792e+001	1.76743424989053e+002
9.26118728128793e+006	1.15891952141213e+001	1.76483921658938e+002
1.00000000000000e+007	1.15875856236261e+001	1.76203796559684e+002
1.07977516232771e+007	1.15857097865769e+001	1.75901424889991e+002
1.16591440117983e+007	1.15835238180823e+001	1.75575057474047e+002
1.25892541179417e+007	1.15809766554733e+001	1.75222812182826e+002
1.35935639087853e+007	1.15780089042543e+001	1.74842665012974e+002
1.46779926762207e+007	1.15745515055186e+001	1.74432440865525e+002
1.58489319246111e+007	1.15705242000185e+001	1.73989804133092e+002
1.71132830416178e+007	1.15658337609127e+001	1.73512249172571e+002
1.84784979742229e+007	1.15603719655825e+001	1.72997090858114e+002
1.99526231496888e+007	1.15540132739306e+001	1.72441455385944e+002
2.15443469003188e+007	1.15466121791853e+001	1.71842271585503e+002
2.32630506715363e+007	1.15380001969334e+001	1.71196263097057e+002
2.51188643150958e+007	1.15279824583457e+001	1.70499941814761e+002
2.71227257933203e+007	1.15163338764379e+001	1.69749603115907e+002
2.92864456462524e+007	1.15027948607300e+001	1.68941323544432e+002
3.16227766016838e+007	1.14870665645099e+001	1.68070961697079e+002
3.41454887383360e+007	1.14688056656999e+001	1.67134163280436e+002
3.68694506451958e+007	1.14476187040573e+001	1.66126371420707e+002
3.98107170553497e+007	1.14230560303354e+001	1.65042843524316e+002
4.29866234708228e+007	1.13946054661384e+001	1.63878676124957e+002
4.64158883361278e+007	1.13616858301140e+001	1.62628839305266e+002
5.01187233627272e+007	1.13236405596289e+001	1.61288222372144e+002
5.41169526546464e+007	1.12797317437950e+001	1.59851692402757e+002
5.84341413373518e+007	1.12291349955658e+001	1.58314167291680e+002
6.30957344480193e+007	1.11709357037867e+001	1.56670704393678e+002
6.81292069057961e+007	1.11041273336009e+001	1.54916605298984e+002
7.35642254459641e+007	1.10276125730933e+001	1.53047536482936e+002
7.94328234724282e+007	1.09402082105408e+001	1.51059663924006e+002
8.57695898590894e+007	1.08406546945660e+001	1.48949798373666e+002
9.26118728128794e+007	1.07276312959837e+001	1.46715545612920e+002
1.00000000000000e+008	1.05997776520819e+001	1.44355453670150e+002
1.07977516232771e+008	1.04557222041132e+001	1.41869146759368e+002
1.16591440117983e+008	1.02941175870839e+001	1.39257433526155e+002
1.25892541179417e+008	1.01136824353699e+001	1.36522376193618e+002
1.35935639087853e+008	9.91324832572729e+000	1.33667307215931e+002
1.46779926762207e+008	9.69180981355583e+000	1.30696782324355e+002
1.58489319246111e+008	9.44857479050238e+000	1.27616462791540e+002
1.71132830416178e+008	9.18301187284474e+000	1.24432925866340e+002
1.84784979742229e+008	8.89489136454148e+000	1.21153409976290e+002
1.99526231496888e+008	8.58431653193143e+000	1.17785508827204e+002
2.15443469003188e+008	8.25174266871464e+000	1.14336836174226e+002
2.32630506715363e+008	7.89798239039660e+000	1.10814687319739e+002
2.51188643150958e+008	7.52419692247743e+000	1.07225725903620e+002
2.71227257933203e+008	7.13187428019416e+000	1.03575722298985e+002
2.92864456462524e+008	6.72279632345606e+000	9.98693656639065e+001
3.16227766016838e+008	6.29899721939766e+000	9.61101641041025e+001
3.41454887383360e+008	5.86271604852791e+000	9.23004393915461e+001
3.68694506451958e+008	5.41634600416267e+000	8.84414142443926e+001
3.98107170553497e+008	4.96238204283762e+000	8.45333829204187e+001
4.29866234708228e+008	4.50336818856039e+000	8.05759504177947e+001
4.64158883361278e+008	4.04184485088935e+000	7.65683210602735e+001
5.01187233627272e+008	3.58029608365669e+000	7.25096152219389e+001
5.41169526546464e+008	3.12109638581163e+000	6.83991918529806e+001
5.84341413373518e+008	2.66645672253780e+000	6.42369545521576e+001
6.30957344480193e+008	2.21836983332877e+000	6.00236205478986e+001
6.81292069057961e+008	1.77855561498235e+000	5.57609348832141e+001
7.35642254459641e+008	1.34840809443691e+000	5.14518161357491e+001
7.94328234724282e+008	9.28946478286791e-001	4.71004263290148e+001
8.57695898590894e+008	5.20773330170510e-001	4.27121644838436e+001
9.26118728128793e+008	1.24043330152271e-001	3.82935912626587e+001
1.00000000000000e+009	-2.61554073319798e-001	3.38522991819184e+001